 200         0.233488283751
   1         3.054816959904         1.162191848744
   2         7.553542122978         2.766511716251
   3         5.419403031259         3.522482740175
   4         2.048111265488         4.242461871583
   5        12.799703369561         0.233488283751
   6         9.200470266520         2.013497084728
   7         3.480223382745         2.362019877865
   8         6.112206426626         1.620391260928
   9         8.822190286808         2.766511716254
  10        11.261567129900         2.509769579675
  11         9.999106281217         0.233488283751
  12        11.145179386490         0.666511716249
  13         5.150353170927         3.034865524479
  14         6.745727719519         2.766511716253
  15         9.744880842318         0.666511716249
  16         7.198824772041         0.250653264449
  17         6.566511716251         0.923421303053
  18        10.871502276448         2.766511716253
  19        12.637901854179         3.533023432499
  20        12.941251620963         1.728122358408
  21         3.876218719993         2.114522792080
  22         3.358410736414         4.005023297261
  23         1.202617936898         3.985445702072
  24        13.325147589168         3.394929852746
  25         4.972996986544         3.926466054433
  26         1.435744352955         1.809499712675
  27        10.850604302398         1.802654371549
  28         6.113217269212         1.153415787489
  29        11.399404825389         0.233488283751
  30        13.766511716252         1.841472048168
  31         5.305332385137         1.618778057002
  32         5.118516775507         2.560176700053
  33         9.065784304548         0.233488283751
  34        13.033488283747         1.270345652323
  35         3.083119798092         2.610152315064
  36         4.733488283749         2.824411775563
  37         2.948341325661         4.228429190081
  38         3.600488246166         0.930690543700
  39         3.476676093139         1.380954538881
  40         1.150976017586         4.486699351968
  41         7.877921309810         0.649346735551
  42        13.371238295144         0.947867677269
  43         1.048627033485         2.072122762525
  44        12.233488283751         3.299535148747
  45         3.787088263736         4.690907340971
  46         4.211129484634         4.909543865836
  47         1.611117167378         4.407092588072
  48         9.601306059633         2.253075425890
  49         2.214684077177         1.287664248249
  50         4.733488283751         2.295941624536
  51         3.406195066612         4.961069305318
  52        13.766511716250         2.775425183172
  53         5.806497227461         0.357919918437
  54         0.762428027152         4.227667358342
  55         1.854346635048         2.016476146167
  56         3.017647076166         5.220101298931
  57         4.927880498175         1.343828629609
  58         3.186711282844         0.714228678191
  59         6.732163783706         0.233488283751
  60         2.621172919800         5.466830620109
  61        10.066411541609         2.294836714519
  62        10.046065169712         2.766511716249
  63         6.790333941697         1.766492155125
  64         5.981508695821         2.233467628552
  65         0.654504298713         2.794811524503
  66         1.066922877612         3.013850403185
  67        10.932743837054         0.250653264450
  68         0.233488283751         2.591935704733
  69         1.017142070858         1.602523279189
  70        10.678518398155         0.649346735550
  71         2.970249417334         0.300451714870
  72         0.373880036708         3.968635364729
  73         4.538949401323         3.250997132082
  74        12.920734018739         3.161441568994
  75         4.272214057239         1.867025706293
  76        12.233488283750         3.766511716250
  77        12.524032236821         1.937872448020
  78        11.678457482202         2.299366279433
  79         1.158566612391         3.471746177860
  80         1.824292343386         1.550467719045
  81         6.265187216204         0.233488283748
  82         6.162604514603         0.689058150975
  83         3.067886950474         2.142826398926
  84         6.385415897469         1.999104476486
  85         9.532445292883         0.250653264450
  86         5.524497086162         2.329423364312
  87         2.223825328096         2.302050322133
  88         5.695540729679         1.362254057256
  89        12.545162351495         0.649346735550
  90         4.059644325892         1.225741739676
  91         4.552270260801         0.984912706808
  92         2.580921215697         0.560067175415
  93        10.466082848720         0.233488283751
  94         5.144963833348         2.057354210244
  95         4.571631591408         4.184378261536
  96        12.907928205031         2.203750239851
  97        13.325147589172         1.994000150239
  98         3.859877624962         1.647832227353
  99         1.668999453784         3.943717194355
 100         5.766511716267         3.834864998598
 101         7.665485760376         0.233488283751
 102         8.399782388900         2.012422356772
 103        10.845873270092         2.277939505365
 104         3.080680755897         1.628451624677
 105         2.633286359264         1.494640681741
 106        13.766511716250         2.308448615670
 107         6.944599333140         0.649346735551
 108         8.021333231229         2.285997482926
 109         1.794238051729         1.084459291928
 110         2.611867486508         2.042261180931
 111        12.332726802059         0.233488283751
 112         7.554552965397         2.299536242814
 113         4.600790091204         4.652188612770
 114         0.792482318785         3.761658931220
 115         3.770747168673         4.224216776240
 116         2.167713302025         5.164524208265
 117         5.551390611144         2.795624879650
 118        10.425881926156         1.996762634418
 119        13.325147589168         2.460976717741
 120         1.066511716261         2.546874016697
 121         5.318088842715         1.087304629863
 122         5.766511716258         3.210100481737
 123         0.233488283750         2.124959137240
 124         3.463882287718         1.895329313137
 125         4.737638492684         1.828983499687
 126        13.266065127940         0.257442926690
 127         4.159295159112         3.965184782624
 128         2.513979247679         4.039547197599
 129         4.471980758698         1.444935217613
 130         3.374751831409         4.471713861993
 131         6.785845000578         2.239361938377
 132         7.411260321475         0.666511716249
 133         7.190763044797         2.006749616990
 134         8.799803651229         2.253358249241
 135         2.619996650559         2.549591131075
 136         8.421354488670         2.526933383505
 137        11.611840374825         0.649346735550
 138         3.823701325433         5.170247789956
 139         4.183083600966         4.443410255156
 140         2.583208442059         4.519539292779
 141         0.628594080419         1.861555272814
 142         2.244738368830         1.753672675372
 143         8.811558865648         0.666511716249
 144         4.969946800335         0.776074437041
 145         4.989338081645         4.393156619153
 146         8.599123316213         0.250653264449
 147         6.517124470860         1.387778939566
 148         3.028619111133         5.700246249893
 149         8.132462327878         0.233488283751
 150         5.397503240446         4.121046513300
 151        13.732426886319         0.233488283750
 152         4.555290496337         3.717687696808
 153         3.435153334990         5.429279783578
 154         9.579088602210         2.766511716249
 155         9.200639444504         2.492936590135
 156        12.517193271135         2.459471427923
 157         2.188820281166         0.821404472317
 158         2.604800621017         5.000141149017
 159         2.993858634328         4.741875826395
 160        13.766511716252         0.699219256483
 161         6.017912808605         2.766489085271
 162        13.766511716250         3.242401750674
 163        12.078501363160         0.666511716249
 164        13.012138918997         0.649346735548
 165         4.956655891536         3.459775489708
 166         5.387623339869         0.567236167274
 167         7.149634921182         2.532148564205
 168         1.405690061293         1.343491285557
 169        11.651631983355         2.766511716250
 170         1.625490324534         3.478771960747
 171        12.516320448311         2.927953285242
 172         2.151605464068         4.697825534442
 173        13.325147589168         2.927953285243
 174        10.211541830653         0.649346735550
 175         3.746958726847         3.745991303653
 176        12.920734018740         2.694465001491
 177         1.714611365971         4.862456250917
 178         8.800449004030         1.772561192527
 179         0.654093137378         2.327835138011
 180         4.142954064078         3.498494217865
 181        13.764761386857         3.758873411372
 182        13.766511716250         1.196516098064
 183         6.381937798914         2.473725090431
 184        11.251033405504         2.042911833413
 185        12.133297302925         2.193593636092
 186        13.428761704850         1.518994073119
 187         9.278219853983         0.649346735551
 188         5.735765382246         0.878466360098
 189         8.344897877312         0.649346735551
 190        11.866065813724         0.250653264450
 191        12.112779700706         2.692959711673
 192        13.042315424608         3.766511716250
 193         5.708299224972         1.854754412999
 194        10.458783723083         2.548038582203
 195         0.675522299276         3.287906478628
 196         2.607422563261         1.028380905808
 197         0.268486311299         3.057598944269
 198         8.020518690522         2.766511716249
 199         0.233488283747         3.523262183804
 200         2.105993551888         3.779086477854
