 200         0.314413548651
   1        14.226042723287        10.912230624313
   2         9.473582627422         9.478927535679
   3         9.934121121366        10.849287936583
   4         5.531545695693        11.301304064241
   5        12.435288037498        12.471353483093
   6        10.319299048995         8.537342929292
   7         9.897619202675         9.003829398009
   8         8.860100164053         9.340859489272
   9         7.871152357159         7.999196932578
  10        11.954349289180        12.928806685305
  11        12.636789903946         7.236799134838
  12         5.641944593007        11.920364321208
  13        11.168473380245        12.870768774043
  14         3.952571853832         8.269134010493
  15         9.282184972246         8.874739404968
  16        10.953276989372        11.540548559760
  17         3.400937801629         8.571000521927
  18        14.089592366920         8.458842441626
  19         4.948576803212        11.784438395906
  20         7.885945786695        12.797952732678
  21         6.257548688156         3.023384510077
  22         4.790910353934         9.718059131781
  23         8.433788489468         9.803116857425
  24        10.619172457093        14.331712945685
  25        12.659497355650         9.050573500332
  26        10.385022015259        11.809825002614
  27         8.184223385893        10.870376171406
  28         9.724489418256         8.333320819100
  29         3.791879386536        11.059153103757
  30        12.089412625835         5.797215908667
  31         4.230057589293        10.125081841297
  32        11.684391344516         4.610852610478
  33         8.008735787518        10.266532134326
  34        10.671386893991         9.842446274634
  35        11.254673846883         5.452375185838
  36         7.815302610796        12.028833383672
  37         4.186983996694         7.191965953805
  38         7.181513387610         9.533785590682
  39         5.029083868981         6.243232308479
  40         7.571559419448        10.728720311946
  41         8.772986388885         6.442096211222
  42        10.512313251964         9.136399168582
  43        10.639557567448         5.281640318353
  44         7.441324306290         8.462539365177
  45        12.457251617330         7.839451208542
  46         9.827233264181        14.177838776170
  47         6.827223827442         8.327246644839
  48         4.719762027115         9.093270020248
  49         3.485448562607         9.842195131695
  50         3.684928779059        10.438543319875
  51        13.317176817587         7.043827787340
  52        10.989256257546        13.823291664566
  53        12.835101873311         6.640061436091
  54         8.344819872350        12.368001465913
  55         6.958430458340        10.576422015533
  56         8.485866595449         8.131673056900
  57        11.053125971781         6.466590635952
  58        10.581009501326        12.646470514459
  59         5.990778075415        10.695778548650
  60         7.210071285090         6.115464948964
  61         4.922347857738        11.145414640207
  62         7.485261750173         6.682229168339
  63         7.082259848316         7.216239399361
  64        13.610945969201         8.050990112124
  65        13.047265567372        12.272556449174
  66         5.361950978115        10.695778548632
  67         7.791813049035         3.484399764047
  68         8.725007483505         7.069090264572
  69         6.943708236687         4.772734895809
  70         6.400912152844         8.789504012979
  71        12.561105787452        13.093943204897
  72        10.097038925413        13.047962731007
  73         7.565984148030         4.682201982115
  74         8.730164205281        11.182421264342
  75        12.114715117252        13.536841486513
  76        11.214759851842        14.533453307293
  77        13.222663267561         9.330337104044
  78         6.850805825349         6.631557816317
  79         4.798424967131         7.338810967239
  80        13.605509808110        11.983096804347
  81         4.336513204670        10.744832371950
  82        12.424241453687         8.467411276855
  83        12.199039261586         6.449090072592
  84        11.499818103886        13.405216332187
  85         8.106066378797         6.932751424083
  86         7.257669895987         7.861128876512
  87         3.638750550493        11.680536523995
  88         5.781466206141         8.641500210991
  89         3.201999622097        10.841287590666
  90        12.758451407883        11.059521296787
  91        10.567331440367        10.462604303583
  92        13.018331867783         8.261304270234
  93         6.030968803120         7.583906575220
  94         9.986101984602        10.222612974466
  95         8.298695808888         7.531347632692
  96         7.014394614040         8.927572069041
  97        12.672516514904         6.032616360770
  98         4.336406034281        11.373659460109
  99         7.972847343055        13.420746147697
 100        13.549877897347        11.077620502464
 101         9.537798040336         7.732846133786
 102         5.152654024409         8.637169113672
 103         5.881564459542         6.878125770273
 104        10.090157438225         9.602454945526
 105         8.583732775703         5.842424144007
 106         9.403539828393        10.459350914922
 107        12.584748963140        11.846526040506
 108         4.976973940319         7.941756887262
 109         3.611427007950         9.226116443856
 110         9.351558965161        11.086025877048
 111         9.210135478298        13.933703254834
 112        14.012394501579        11.503650911132
 113         5.254562983299         6.830243967056
 114         9.854016330762        11.472991985642
 115         4.187720512251         6.288451543430
 116         5.419531532911         7.437046155530
 117         3.328334370016         7.206415227262
 118         7.396071821072        10.124876274867
 119        10.315213194448        13.781229262977
 120         9.150585307732        13.307320854623
 121         3.748363994449         7.674388124870
 122         5.656085345229         6.291114111697
 123        10.174203494617         5.874246093465
 124         7.751942961708        11.403173281205
 125        10.802840192890         5.889719292252
 126         5.965180145760         9.242892517798
 127         6.280308930750         6.367064316296
 128        10.684502804343        13.272260990581
 129         6.523229981487        11.030320752294
 130         8.054806767486         8.600607421234
 131         7.821124523019         9.661460997977
 132         9.727749315525        13.556931003424
 133        13.142993203878        11.557066395680
 134        10.035959224189        12.332872501580
 135         4.131120826970         8.872079930523
 136         6.879824599500         2.932851596398
 137         7.628495092891         9.062864789379
 138         6.460183732798         7.124343671539
 139        10.515350577125        11.089279265709
 140        13.796966344438         7.450307218829
 141        11.099938344457         4.842883231349
 142        13.783613777680        10.465374779114
 143         7.683981570583         7.398871508369
 144        13.258278522292         9.958154810015
 145         7.763650363808         5.817180316607
 146         4.365532969882         7.794911873828
 147        14.462770555563         9.132139108215
 148         8.582151486384        13.576219551176
 149         8.542059323835         5.214979451856
 150         9.047270950668         9.941184913468
 151        11.022667541389        12.191222030571
 152         7.302995609859        12.426968603524
 153        12.602170189440        10.300311799859
 154         7.913290519314         5.206417398484
 155         7.266515278664         5.329251404579
 156         9.293142824655         6.799561504635
 157         6.557914231385         9.452868283159
 158        12.695112610381         9.678391206303
 159        13.165336101350        10.580075403572
 160         7.321685804465         4.102769641263
 161         4.633456417502         6.732008778790
 162         8.223409068737         4.659379919325
 163         3.702146504037        12.309334999418
 164         4.202269153793         9.496869042047
 165         3.005055773391         9.059570821881
 166        13.496776322190         8.669366057647
 167         6.214559860978         8.185590785294
 168         7.950435313840         4.092891748718
 169        11.839126846940         5.220344564968
 170         9.098530561881         8.273328916323
 171        11.588516618160        14.027756364522
 172         6.540787628316         3.584810570282
 173         8.159028338147         6.306158614390
 174         9.805652936461         7.163919712432
 175         9.788785210716         6.398609098193
 176         7.228857457724        11.801884929765
 177         8.329864626622        11.667378752814
 178        14.711133662109         8.554437381017
 179        13.118864848223         7.640565486088
 180         4.247440765966        11.996161427425
 181         8.628162142249        12.945090036304
 182         8.719963454176        10.529676346405
 183         6.122867053363        11.515225943101
 184         8.912178270074         7.669415688784
 185        10.428845645940         7.079929444297
 186         5.324141665574         9.288555642091
 187         3.749929480612         6.739852175790
 188         8.247436197603         9.199203629835
 189         8.669521005800         8.733083545544
 190        10.424489273506         6.451117437163
 191         6.643569417162         7.725836156169
 192         4.822743635769        10.346079959834
 193         7.163063539661         3.494277656597
 194         7.514986845174         2.901701786865
 195        11.504959625777         6.029246529539
 196        13.837396738040         9.197950252081
 197         4.564012824264         8.415979023949
 198         5.598077904322         8.040008524388
 199         7.133918056704        11.180266052614
 200         6.699409893122         4.193302554952
