 150         0.416218941857
   1         9.969286739871        11.077789200959
   2        11.433851143871        13.030808635967
   3        15.474746474312         7.914115992852
   4        12.683926862007        12.191393586610
   5         7.435943896123         7.601502519678
   6         7.801858876314         6.200660077341
   7         5.493036344375        10.573683013343
   8        14.364775210616         6.726938865716
   9        12.256870258911        12.905939238064
  10         9.362295594763         5.240929685623
  11         8.345595551656         8.720159016566
  12        10.681387699395         8.594334428798
  13        10.894093065515         7.789530566058
  14        11.380701105900         3.574705369266
  15         8.866882091387        14.107091335564
  16        10.169689282940         5.038276625969
  17        12.099195528157         5.075920763552
  18        15.237832129396        11.994316407673
  19         6.400798842186        13.959119044840
  20         7.065931726075         5.203212415529
  21         8.467824004970         4.765609237716
  22        13.760742448293         8.892361028404
  23         7.085209372213        10.881132936237
  24        13.868719417649        11.259577505149
  25         9.474580914303        11.755652785153
  26        10.093214754335        13.660151016330
  27        10.280172808212         6.581677312617
  28        12.508140964010        10.393744970674
  29         5.056727326936        12.157105105162
  30        15.079758448339         6.300615279657
  31         7.630006319482         4.578327857013
  32         8.824097463010         7.332228673562
  33        14.097987825442        10.414883639377
  34        10.043831801896        14.491122829520
  35         5.908381874901         8.161850501154
  36         5.624825398402         8.944505313242
  37         7.557840138359        12.343249648775
  38        14.770326988954         8.357676607541
  39         8.204507211832         3.975914747054
  40         5.906808105760        12.294934074975
  41         6.337510640723         7.448547387046
  42         8.016521856531         7.004944004380
  43         9.692182117168        12.930681582844
  44         8.314598798977        11.996451205950
  45        11.033770544034         5.124312296200
  46         9.698664631453         9.625407025483
  47         6.796478346739         9.680408540374
  48         8.198551099201         9.723781929586
  49         5.060700643234         6.760300615483
  50        12.098252848013         8.937778906316
  51        11.127556548045         9.972121070399
  52        11.295123763582         9.156722972214
  53        12.928450884082         8.876753901963
  54         7.840910268891        13.557627932789
  55        11.595485847218         5.738664596158
  56        15.676286600594         9.551665777782
  57         9.671502556182         6.013809938507
  58         5.892992919073         6.744731483986
  59         6.246054668427        11.229742645123
  60         9.878054426154         8.812528109648
  61         9.484050110236         6.824867526352
  62         8.072872411183        14.357094251527
  63         7.054629312470         6.861534940270
  64        12.919369679815         7.274398426394
  65        12.633850734899        13.648124222406
  66        10.060873917960         4.212981498977
  67        10.644072908196        11.565248386212
  68         8.654685703922         5.679382730629
  69         8.213698039265         7.898236954202
  70        15.792053959302         8.684267827490
  71        13.466279434850        13.652034434502
  72         7.511378325446         9.253945352391
  73        10.999994334349         2.000861971659
  74        13.972015981951        12.990835995915
  75        10.531359814098         5.788041427214
  76        11.855877170312        12.106032363890
  77        10.546840593943         2.706272961195
  78        10.549928888725        15.299102389194
  79         7.025465369428        13.390288618102
  80         7.881078035990         5.372000222329
  81         4.800443008511         9.060032390102
  82        12.088308913811         7.322261078495
  83         7.656778447874        11.486328460012
  84        14.934577832094         9.173749208961
  85         8.935423456920        13.277480034135
  86        10.888244291979         4.304693518804
  87        10.505184688445         9.419304555967
  88         8.964002171584         3.635150552324
  89         6.456913515901         8.920376596363
  90         8.925200875638         9.317662571929
  91        13.751661244026         7.290005552908
  92        11.516103416846         8.342753805922
  93         7.567841409602         8.423424581797
  94        12.996229201609         6.445516381607
  95        14.666748784065        11.022718980735
  96        12.421293682906         5.843518059659
  97         5.434575476763        11.415361479694
  98        11.696823948082        10.580071377597
  99        12.266161549755        11.190236523252
 100        14.616121320785         7.520697776576
 101        10.886052322451        10.768756833636
 102        14.734849259103        12.657612014836
 103        13.149841258489         8.074295720878
 104        10.943074747746        13.703186029443
 105        13.057803063807        11.447639987642
 106        11.093075149111         6.402393698069
 107        12.318780492309         8.122158377802
 108         6.765788959048        12.599389767337
 109        15.653601221963        10.383794496105
 110        15.480515172254        11.198038961640
 111         6.398036598463        10.411296359046
 112        11.454844533828        11.376562930174
 113        13.415808727857         9.826836152020
 114        11.720137769227         4.334794562636
 115         5.120732228198         9.828386244789
 116        15.331357688140         7.094120574413
 117         5.340445074421        12.939701469848
 118        10.090759792216         8.007724246897
 119         9.131201047120         8.444883089980
 120        11.378499787945         2.742270396136
 121         4.899154748166         8.233467920295
 122        13.299782478065        10.651148435052
 123        13.982132822768         8.089902847346
 124         8.236555736091        12.825222652519
 125         6.986712566131         6.031872270349
 126         8.686725871220         6.511203779877
 127        10.549041911897         3.538707934326
 128        11.045105544674        12.294717819984
 129        14.411909848188        11.890368267948
 130         5.356973524631         7.538230695894
 131        10.875223008449        14.532854018289
 132        11.918882984790         6.507247161536
 133        11.810831619062        13.772993620827
 134         9.741333900936         3.337311312396
 135        10.554329148564        12.967095213470
 136         6.780424527032         8.153373691586
 137        13.610224006750        12.123450595848
 138         7.257427511754        14.189754936827
 139         9.253480229785         4.415634558635
 140         5.945114618092         9.712859167922
 141         7.483651120495        10.150245117568
 142         9.013466519651        12.448708587591
 143        10.153296512135        12.237625779730
 144        14.214014075357         9.590571356569
 145         6.144869548582        13.153837164266
 146        10.211266154130        10.281297648378
 147        13.146533063630        12.883454517804
 148         6.875715939739        11.774241968960
 149        14.869876327966        10.103209177903
 150        11.938328173675         9.783435614356
