 150         0.615844912462
   1        10.778982647896         7.418713239739
   2        16.642826389984         6.758825324434
   3        13.607712646377        14.451187398335
   4        17.116581041599        13.956874640126
   5        19.266732277746         8.484690678882
   6        14.325381394313        11.428234220621
   7        16.972327888618         4.333140039335
   8        19.196377310609        21.491666327686
   9        18.968382952607        14.516669402725
  10        11.629858618466         3.677792133051
  11        11.728900360499        18.717294582643
  12        11.407650948957         9.512178380245
  13        15.013998299590        12.449442614001
  14        13.886640765853        19.234173846041
  15        19.269550715239        23.100149395686
  16        17.890520076871        23.499275208947
  17         8.284035011335         8.873923487964
  18         9.488028709836        11.018737643343
  19        17.427852711206        18.721985826045
  20        18.452104186014        19.406068234250
  21        18.922946976806         9.667429657559
  22        14.886018750550        20.162352157006
  23        15.932313543657        13.271206294700
  24        14.066729425791         7.788294787909
  25        12.932420047826        18.455378207729
  26        10.465969432718         8.609965753701
  27        16.449465663055        17.973775555566
  28        13.943218864589         9.018768979716
  29         8.788544001338         6.922242496020
  30        20.499155813117        27.224800201670
  31        18.435566036996        11.054819556560
  32        16.652385221426         5.527172591880
  33        16.341223364871         3.274882507933
  34        13.715298458963        12.524989134920
  35        18.269079438572        12.275205576401
  36        11.510546862138        21.570070968473
  37        17.289020983036        11.504813183267
  38        12.619229365415         9.290508432623
  39         6.654874519571         7.426619594497
  40        15.135980100462         8.399656235456
  41        15.517339145840        21.500020297716
  42        14.285965869074        21.527943016207
  43        15.477077789339         7.156430687738
  44        15.243095793563        17.725317182845
  45        16.092388621670        20.410810526697
  46        19.948844608798         7.298486696661
  47        17.268632574897        19.958947239752
  48        10.474102118671         4.103569937225
  49        10.563965142639        18.317312378640
  50        18.301770021269        22.338269908314
  51        14.813239482246        14.703704472741
  52        17.434830658517        24.643568431363
  53         8.332067552579         4.682852058346
  54        11.358504485270         4.970741879267
  55        10.359572035321        19.531924778948
  56        11.659703638434         8.306554364760
  57        17.166861959210        25.845755022978
  58        10.075117025766        12.101505917467
  59         6.608965512276         6.195785654476
  60        13.390932107805        10.250474422786
  61         8.885003456051        12.418822031224
  62        15.460275482691        10.949616174943
  63        16.034751471871        14.545690916165
  64        12.145062168808        10.660247640508
  65        16.209128950177        24.764874437303
  66        10.600795825085        20.739762064575
  67        16.548946049816        15.664915541023
  68        12.535147074034        20.886510999526
  69        16.298121780244         1.846828917788
  70        18.653662367748        24.466060432637
  71        18.719923964817         7.381032899617
  72        14.021063860553        17.879258017139
  73         9.401270354914         7.990711606712
  74        13.184295270029         6.893631902786
  75        12.735073599813        19.671155409795
  76        11.951191368120        11.905646811044
  77         9.010663820436         5.710746474190
  78        16.600404078425        10.483604789490
  79        19.262897178060         6.275483301215
  80        17.586628258489        17.500572579675
  81        13.688585345002        20.450818912573
  82        16.073130652863        16.800987516256
  83        13.704641103432         4.223978933820
  84        14.054109874370         3.042906792094
  85        10.343810173853        10.132905880995
  86        19.402550774758        26.595022504361
  87        14.596928958546         5.073026758485
  88        16.290690085489        19.195188729272
  89        11.531553912583        19.933071784643
  90        18.691186773347        16.955586054950
  91        16.148892387759        11.970824568463
  92        19.895878288553        24.160702834145
  93        17.072716661997        22.418815950590
  94        12.599880667854        13.048275016761
  95        17.845799549210        26.931912693859
  96        17.048433686895        21.187365520380
  97        17.122534383522        12.725199202941
  98        16.318681851500         8.055742884578
  99        12.519605474607         4.559762174136
 100        15.762677559290         4.675421395311
 101        12.821326472863         3.365599595556
 102        15.186166952700         2.376561195896
 103        10.930898489255        11.215674154852
 104        18.263126095783        13.506881013591
 105        13.275792285782        16.890271403522
 106         7.173574848699         5.101127661210
 107         9.948790242336         6.508855891124
 108        18.610879691048        18.184655051142
 109        17.849114435415         6.509969992403
 110        14.498763153927        16.743976902138
 111         9.441808981697         9.294184428834
 112        18.398465504005        25.831176500538
 113        17.746949132387        10.033611162775
 114         8.534654607277        10.127329533726
 115        14.379742641159         6.597042274022
 116        20.566357326413        25.994945014472
 117        15.320212772727        15.826218574073
 118        11.369169394487        12.991146809736
 119        19.332428913656        20.267513646776
 120        18.070557625697         8.778333364160
 121        16.664818368543        23.620581214890
 122        14.429162265619        13.533429070697
 123         8.297915140157        11.336053757672
 124        19.526037782486        25.335555090836
 125        14.607886131988        10.060519881056
 126        18.204255792206        20.761765842482
 127        16.894559781279         9.144514869353
 128        15.748014727330         9.594508496070
 129        15.084320216007        18.946730356566
 130        13.525164802642         5.710049296177
 131        18.726661564447        15.724407203579
 132         7.839271811053         6.137422686374
 133        10.170910062114         5.297359869384
 134        12.871282054873         8.084884417196
 135        17.702410131888        15.040324732114
 136        13.093816708048        11.445791227729
 137        15.413436190218        23.824697402512
 138        15.486636620682         5.924777955076
 139        11.142524448076         6.205444502245
 140        15.869125608878        22.680404179918
 141        15.148683062671         3.607680517063
 142        12.294973847248         5.770794979993
 143        11.972716853651         7.115301850767
 144        14.638062969154        22.719705604106
 145        17.841541119318         5.206286201630
 146        12.190321324952        17.472347531344
 147        17.494679695921         7.689561379392
 148        17.622103049564        16.269393728302
 149        13.991789863485        15.621462800782
 150         7.850890580240         7.720907561457
