 100         0.523721694738
   1         8.473274960136         3.836895357773
   2        10.217456677350        13.359657056857
   3        11.560662623980         4.010496355719
   4        12.340909730867        12.728540541204
   5         8.475193209015         6.560829985804
   6         8.277970799656        11.981590487316
   7        14.678324219997         8.772479030180
   8         8.661608825069         4.867268110487
   9         7.538320793347        10.092490555006
  10         5.135692261525        11.930742655309
  11        13.613821054010        10.916923064122
  12        14.208061919292        11.779486365142
  13        11.308308065337        12.904243286082
  14         9.498331347844         6.795756840347
  15        12.500534882683         6.016362676042
  16        10.067875990444        10.596804529567
  17         9.650394372333        11.634108863458
  18        15.117262090993         7.347543725928
  19         5.060881608271         6.760378259695
  20         7.047376197591         8.056786579278
  21        14.838280680976        12.616123662080
  22         9.985581799473        14.397924695597
  23        13.283518334538        12.271783850511
  24        10.964269309370         7.795758498103
  25        10.188748669332         5.520374990970
  26         8.408557960215        13.020861697190
  27        12.615054469685        11.465375941483
  28         9.061746472657         8.630676895786
  29        10.982153566319        14.075461724498
  30        10.793866646139        11.351837788536
  31         5.446871559421         9.899245271753
  32        10.429728850851        12.333948434210
  33        10.325358667518         2.947487104627
  34         5.491880885963        10.945721174334
  35        11.868301531907         6.858164717235
  36         6.104290222524         6.852226601318
  37        11.372293283401         2.980130087954
  38        14.712859411395        10.861707989845
  39         4.974786483689         8.038764427180
  40         9.174178048647         5.780728807648
  41         5.375481510586        12.950369435166
  42         6.170072313513        11.765831884187
  43        14.191950070885         6.856692098962
  44         7.244603251489        12.152731261463
  45        11.918507082332         9.713736105614
  46         7.510352416114        11.139560478386
  47         9.959142597073         8.090475220423
  48        10.426498310620         9.027873903602
  49        10.598672681173         6.484273304453
  50        12.517345137071         8.854358050380
  51        13.052720766909         7.954074433922
  52         9.487845580777         3.576541540919
  53        15.693184514148         9.319990725340
  54        11.444155339717         8.779858127239
  55         6.409861562597        12.785458664849
  56         7.669144362125         4.508096993421
  57         8.059890027715         8.325027884813
  58        13.022964455776        13.659476278305
  59         5.841724070305         8.929075622251
  60        12.691369668119        10.420716358314
  61         7.032929120205         6.339860240443
  62        10.513726605387         3.977859306829
  63        12.090610864782         5.052464365136
  64         6.976611973939         5.293931928716
  65        10.550947139343        15.296068823458
  66        15.652155051963        10.393855991295
  67        11.709744837091        10.815814279836
  68         9.676179445798         4.606914293666
  69        11.050888433046         4.925519813602
  70         6.512626639345         9.733455754417
  71        10.900850053223         9.961751882106
  72        11.976771938676        13.710651187981
  73         7.323082611669        14.238148938759
  74        10.999992871001         2.001084605271
  75         7.321329327709         9.067769930616
  76        15.079696059372         6.300774196639
  77        13.622588786223         8.832930562524
  78        13.052404252813         6.906631092099
  79         8.778846179595         7.563293215876
  80        14.770548720852         9.815854463884
  81         8.369151954158        14.291782742287
  82         8.466567198890         9.558082339545
  83         4.804106251644         9.072208142427
  84         6.526260937828        10.780810403078
  85         9.387387948497        12.647995087467
  86        11.460812449219         5.889418133287
  87         7.962623985433         5.647369288655
  88        11.672445865992        11.922132632236
  89         7.375190412051        13.192002471328
  90        12.006866288788         7.896402388670
  91        13.913737096228        13.108421147452
  92         9.529102186195         9.568075578955
  93        15.343078173088        11.698345286773
  94        14.098766510198         7.899982316597
  95        15.600960013242         8.276615291635
  96         9.220884910503        13.682120027957
  97         7.640236790420         7.193274001691
  98        13.724797828798         9.875375268892
  99         6.357753761901        13.831605132267
 100         6.012404301484         7.895631906879
