 150         0.508785061176
   1        12.341660362194        -0.993101203855
   2        -6.330294071602        -0.195248594405
   3        -4.333666994035         1.593824483991
   4         6.083793803659        -4.307812393941
   5        -3.927283911296        -2.288615002664
   6         0.523646758012        -5.723317760068
   7         3.523267645799        -5.480862814790
   8        -0.148676084080        -8.464591267837
   9        -3.607045515192        -7.752815234481
  10         0.950812960490         0.616325564529
  11         9.227172052952        -6.561894840377
  12        -5.428560641576        -5.724250346287
  13        -1.074426556462         3.561750572986
  14        -2.307921925165        -6.212856031816
  15         6.054317018434        -0.922515442003
  16         8.697907283930        -4.618574933670
  17         9.919711643474        -2.321993620224
  18        -3.174013878736         3.379763202914
  19         4.199613138066        -3.642476958735
  20         3.169610683620        -4.294564875551
  21        -1.668030340013         2.735261914832
  22        -4.246093356451        -1.322276815701
  23        -3.479000297746        -3.337585025359
  24        -2.570959649432        -5.177758054211
  25         1.435036857567        -9.596292157668
  26        -0.765014594508        -4.473553775910
  27        -5.313311447090        -0.160675550806
  28         6.008687961579        -3.167795652311
  29         0.891314445570        -8.736167229187
  30        -0.579635270825         2.298331298433
  31         0.153002918687        -9.436413645225
  32         2.452606285276        -9.595103168250
  33         9.715078155967        -4.647077056174
  34        -4.306242294554        -0.306485961664
  35        -3.246532882526        -1.512875380488
  36        -2.927723437392        -2.479213567481
  37        -2.009766717010        -7.652907721289
  38        -2.183449663162         3.612639755461
  39         5.679594283516        -1.973573645199
  40         6.683473776607        -1.722272109726
  41        11.549621502049        -0.054944222898
  42         6.523391538474        -8.499955843458
  43        -0.207985306990        -6.430540126348
  44        11.325547305194        -1.047536640974
  45        -6.521263107199        -1.194738354907
  46         8.234278682454        -6.339157980535
  47        -5.255953434227        -3.929173433251
  48         6.484843066991        -0.000508785061
  49        11.711043297831        -2.926713000191
  50         1.754050511463        -8.196597553879
  51         2.516302224743        -5.627387879905
  52         5.476149714985        -8.970285512165
  53        -2.326979714038         1.257814260831
  54         6.550902689021        -7.482757686507
  55         7.709704813275        -4.373200159084
  56         2.217851371696        -4.654569272852
  57        -0.506436160038        -5.457721519301
  58         9.665116180914        -0.530927320902
  59        11.250129243643        -3.833910436565
  60         8.796723913113        -0.000508785061
  61         6.872191790814        -4.951145564048
  62         0.074197106452         1.518618417734
  63         7.396765659991        -6.917103385499
  64        10.330390124518        -1.300901043769
  65         7.477300146204        -7.942828654910
  66        -6.492733763940        -2.884068377600
  67        -5.375891496428         1.725833847593
  68         2.686196251096        -8.604706943614
  69        -5.939817033148        -2.029824827601
  70        -2.368401182199        -3.329276840861
  71        -2.561364979271         2.248022572944
  72        -5.386900302352        -1.175581277604
  73         0.652659982342         2.545437881911
  74         4.041282456322        -7.530197346585
  75         3.030454342426        -7.647139546267
  76        -4.273708398396        -5.694370402283
  77         9.930268120134        -3.652520756487
  78        -3.560925453273         2.438621137447
  79         9.330936348466        -1.492058317971
  80         4.120460758556        -4.656963949646
  81        -4.964154443023         0.795116445611
  82         5.656227669145        -7.967531409721
  83         3.105917545339        -6.456726609045
  84        -2.847647002545        -7.075494887161
  85        10.694930244577        -2.981148438487
  86         7.779153790358        -0.000508785061
  87         5.205964368582        -3.793162574333
  88         7.131998428671        -0.785772366150
  89         3.698741331311        -8.503704891965
  90        -1.866393866480        -8.799752103929
  91         0.225195904962        -4.750499153022
  92         0.785966214939        -6.706494985405
  93        -3.588700514441        -4.939361819295
  94        -1.433645074828         1.745053602725
  95        -2.956473307008         0.458322690919
  96         4.121770616174        -6.515815460881
  97         1.529649154573        -5.876314923494
  98        -0.912586780807        -9.163733353737
  99         6.918618203910        -2.712300418524
 100        -3.306681820590        -0.497084526427
 101        -0.120843884850         3.206604064763
 102         3.465151365491        -9.494101116603
 103         0.785966214939        -7.724065107756
 104        -4.480200642092        -3.142858552659
 105        -1.296779518026        -6.098663272027
 106        -3.326540187997         1.448412825361
 107        10.730764920002        -4.708958808506
 108        -4.829466650292        -6.546768032122
 109         9.103341182484        -5.551887479299
 110        -5.913733499102        -4.829791709888
 111        -3.956033781395         0.648921255816
 112         1.231198301525        -4.903496316444
 113        12.565734555406        -0.000508785061
 114         6.921306826118        -3.729866988958
 115         5.065742523901        -2.785300089574
 116        -2.769165229656        -8.330228068608
 117         7.697036038100        -1.632047412377
 118        -6.272208414944        -3.877455273210
 119        -4.872802389682        -4.871852716448
 120        -4.923562052433        -2.081542987652
 121        -0.193442023398        -7.448006315863
 122        -4.189343220075        -4.117974399089
 123         7.153970490907        -5.928923513321
 124        -1.715258113710        -4.109567226544
 125         5.326649400183        -6.225897868894
 126        11.044725536975        -2.025589854537
 127        -5.476478783227        -2.935786537650
 128        -1.555357952520        -5.114495528641
 129        -1.151761293150        -7.105846804634
 130         8.462544080668        -0.961639782127
 131        -3.834712313948        -6.761040672069
 132        12.060838590278        -1.971154416277
 133         4.697324730804        -8.308051759701
 134        10.533508448716        -0.000508785061
 135         7.991483513367        -5.350978108357
 136         4.535381549541        -5.586097788831
 137        -3.278954062053        -5.908643042231
 138         4.463734764983        -9.298447984339
 139         6.308107519936        -6.494577814329
 140         5.985553022511        -5.450465750390
 141         5.194285171853        -4.810665670321
 142         1.086207107797         1.624847938494
 143        -4.568052259309         2.584032796077
 144         8.316037573920        -7.353438236468
 145        -5.981137067538         0.760543402020
 146        -1.106995353833        -8.122431756609
 147         5.000185394663        -7.189676996605
 148        10.120512054537        -5.580389601800
 149         0.128636388490         0.016763525713
 150        -2.880706101883        -4.208476831290
