 150         0.431526803775
   1        15.223203228039         8.261518578192
   2         8.965559872968         5.622234798680
   3         9.142929239579         8.428976015943
   4        10.172067352691         9.671881097794
   5         2.640959477447         7.158090776028
   6        11.103195194446         6.780866953340
   7         7.257236292044        12.738530116105
   8        12.357310694877         7.380095651797
   9         6.944879034498         9.111148931775
  10         5.507521778489        10.618690060039
  11         3.353915269294        12.050260677302
  12        12.231175598832         5.479225629779
  13        10.761833000559         5.950555747721
  14         3.153887086054         8.376764300258
  15         6.416621800253         4.336853573197
  16         9.954497259528         5.645481113624
  17         6.965357204273         6.947388512421
  18         7.251945947403         5.828071296085
  19         9.248359977178        14.386252252502
  20         9.129724291878        13.207809345608
  21         6.437185186330         8.413217354837
  22        12.767223092714        12.220731093611
  23         7.101259854494        11.889688033923
  24        12.084689927303        12.748945072624
  25         4.145287866261        12.394631033597
  26         7.834806455245        10.421252097113
  27        12.067658736931         8.655439077465
  28         5.416556350149         9.621686355375
  29         7.138274378735         7.909892932793
  30         3.975567083194         9.828320405819
  31         7.924185189952        12.149794592444
  32         3.183263494083         9.486097448956
  33        13.395485271787         7.556641368574
  34        14.683317808514         9.453811254638
  35         8.496076554270         9.866650090499
  36         4.761890502119        10.184068927071
  37        11.314314915901         5.287513318532
  38         8.138395834448         4.140024860014
  39        12.982730625572         5.903521011919
  40        11.726214775261        14.369708344645
  41         4.791345087462         7.579824433124
  42         6.345257983756         3.476755476919
  43        10.560175224964         7.451680520784
  44        10.987449855307        10.095014343778
  45        10.999657431160        11.000290396806
  46         3.201367404903        11.200795740653
  47         8.060110523274         3.280529112741
  48        12.375930033668         6.517242912462
  49         7.705405069709        13.776080596640
  50        13.180566550937         9.800958310155
  51         6.939294390189         5.023639488350
  52         8.110219346844         5.737361311246
  53         5.544759625181        11.480939949745
  54         7.552416672164         2.582597537956
  55         3.428426220404        12.919983959813
  56         3.365335798936         6.688899477735
  57         7.797567789671         4.932929503386
  58         7.201837123856         3.371239097760
  59         8.080161627509        12.998636674608
  60         6.402286946516        11.383428808390
  61         9.211585354216         9.384043950129
  62        12.878241075815        13.088265134224
  63         8.737292215685        12.439136076210
  64         6.278762627148         9.659920707119
  65         9.550509779821         7.197312354557
  66         6.364761135480        10.518678988911
  67         7.129522322369        10.918681309597
  68        14.660572709954        10.715036406547
  69         8.688868139317         4.804736655529
  70        12.330310362363        10.526771772616
  71         3.093669876845        10.344488102024
  72        13.600758986698         8.421031791372
  73        12.004564422063         4.646453809838
  74         5.662945833689         8.794550482660
  75        13.625110515480        12.315021598812
  76         5.577598695018         7.935727220597
  77        14.154128214435         6.929492352887
  78         5.873990041953         6.835698875879
  79         2.483030633819         8.981582364026
  80        12.429955165920        11.426305593600
  81         9.443407878243         6.340930014594
  82         6.351838047175         7.554394091829
  83        11.624375006918         6.092947530299
  84        13.844720117423         9.249812621758
  85         9.813707127129        13.734144800043
  86        13.287842588689        11.520596098794
  87         9.439944888072        10.216338040473
  88        12.307503617917         9.664019558983
  89         7.645968229653         8.607824507708
  90        14.440686961370         8.625565034181
  91        13.182382657852        10.664010006989
  92        12.339753022659        13.762722061034
  93         8.344589705178         8.101080426875
  94         3.838148089356         8.920966947551
  95        10.881500459586        14.192735876715
  96         4.081795973101         8.092712628592
  97         3.409565553052         7.551120617777
  98        10.645583198562        13.362552417796
  99        12.761756482114         8.142516227819
 100         4.801548589999         5.910309988170
 101         6.662043019861         2.668780426018
 102        10.095775171989        14.549803520084
 103        10.916316353651         9.234897168932
 104         8.695169253702         7.312438867159
 105        13.936949017514        10.244318566087
 106        11.288954596758        11.813413191645
 107        14.226530816746         7.789503627777
 108         8.645740931436        10.716627798277
 109         9.675544876562        12.054573186261
 110         3.950651209203         6.054653941641
 111         8.588067352123         6.456056527180
 112        10.232141409615        11.394981017645
 113         9.887178240570         7.991992086933
 114         8.439500018254         8.965817303948
 115        12.858911827606         9.000083932668
 116        10.243200854343        10.531998272633
 117         7.836895854261         7.403148851959
 118         6.487509198941         6.228693296388
 119        11.507318357604        13.534875494400
 120         7.070045268360        10.021249776427
 121         7.280122435022         4.230734845042
 122         5.662038662799         5.976780764929
 123         8.723211846700        11.576197334045
 124        11.150559546189        15.013182886454
 125         8.564377141922        13.859916798074
 126         5.914553440553        12.262759319956
 127        14.480502050973        12.200274701171
 128         9.930676787841        12.879054379105
 129         4.758313198152        11.047115120785
 130         4.181695364332         6.968932671325
 131        10.523944410703        12.212939091605
 132         7.729793952686         6.546766511994
 133        14.143234124185        11.405849201154
 134         7.731315367361         9.466647769857
 135        11.222111522603        12.720308989577
 136         4.962939581560        12.118393451081
 137        10.250743618737         6.646004648433
 138         5.015568010515         6.746406404375
 139         3.895287180242        10.687632145944
 140         4.630232931213         9.265937834102
 141        10.637741924542         8.418038664065
 142         7.910104820974        11.286855850265
 143         5.808911592411         2.800594195850
 144         4.876251035996         8.438691424824
 145        13.323082669443         6.696630093805
 146         9.428885443349        11.079320785489
 147         4.047835044639        11.537097082604
 148         9.893492923583         8.855022592936
 149        11.167293983601         4.437074387732
 150        10.483316488863         4.963416782196
