 150         0.569482472639
   1        16.137871320343         4.901970307139
   2        19.142054413741         6.651262707682
   3         6.884025512180         2.885056754728
   4        19.999092251627        12.408761709832
   5         6.131541509770         3.740047381981
   6        16.490782745415         6.013538851083
   7        12.831861563560        11.659174427493
   8        16.712336491976        13.030483536129
   9         3.499437646055        10.864631446125
  10         4.528081520540        10.375619251915
  11         5.351401990681         6.797350268776
  12         4.888428809473        11.456077940599
  13        12.141616060037         5.381494886760
  14        21.840863517527         9.722614122745
  15        10.957331294130         3.436806639139
  16        14.589196966085         4.492188682055
  17         9.896705279079        10.614289886558
  18        11.043625518126        10.506676449958
  19        15.353595952351         8.018754799298
  20        11.930414732701        13.788915625267
  21        10.607287296078         6.161094824954
  22         8.276094834965        11.724012181010
  23         3.640189539750         9.662254704414
  24        16.338947568998         3.068245297091
  25        17.761775880848        12.587857152104
  26        18.431888782846         2.349399719919
  27         7.922186823157         2.416588784673
  28         2.611545665390        10.151266898875
  29        12.952421962250        15.274478705048
  30        10.841909318898        14.661970630453
  31         7.190166588728         6.546116973326
  32         4.119389072363         6.325083920427
  33        16.390759192673         8.489428316197
  34        21.474440502578         8.644200787937
  35        18.482179343753         8.715437518718
  36        10.145382775135         7.307360063944
  37        17.430457445047         9.305703827760
  38        10.561957162820        11.538779517527
  39         9.048693619713         2.248590023115
  40        17.592734851676         6.301536597746
  41         4.701927350253         9.249999967217
  42         9.691782935437         8.614622260204
  43        17.483419380386         8.167970915024
  44         7.969701545116         3.554562201661
  45        11.700837693973        11.524912914994
  46         3.075947489435         7.461372572476
  47        18.291732614672         4.278233891457
  48        14.911376615322         9.068365777017
  49        14.946621743231        12.860769029439
  50         3.437229517527         8.541519063848
  51         6.349904216745         7.345286808823
  52        17.174463251707         2.294194465081
  53        19.422639548531         4.413476834115
  54        18.310313942882         5.417047256687
  55         7.687802389162        10.310278515530
  56        12.842550601984         6.294678519079
  57        10.828012488443         8.535732783918
  58        15.786577390919         6.908712557851
  59        11.813604496168        15.256150425922
  60        13.781277176017         9.210198086025
  61        14.978833474795        11.519852958816
  62        19.611452887536         8.863702180366
  63        16.039239615910        11.104184867107
  64         4.214911650675         7.460036158903
  65        10.099819030720         2.687197497868
  66        21.626065768594        10.841141312235
  67        12.667872040173        12.920930679214
  68        13.530430704075         7.202457188004
  69        20.467338348210         8.112236130048
  70        13.271715499248         5.239662577077
  71         7.482551809500         5.445320884458
  72        11.513303896459         9.445467268642
  73         5.067717778023         5.694279820408
  74         2.053327618304         6.959885039418
  75         5.649262487849        10.175133877940
  76        18.895953167787        12.692178908167
  77        10.822887076136        13.523164544619
  78         9.096208342018         3.386563440218
  79        12.645992030041         9.301679143737
  80        14.800485756056        15.669072698530
  81        11.712451162481         6.436510828479
  82        14.248185398321         3.258987126889
  83         7.158019550828         4.353570015593
  84        10.009060003809         4.067697047137
  85        15.741251980681        15.027044616978
  86         9.709208186406        14.781257223722
  87         6.002591645506        11.692472359791
  88        14.348184872011         5.611757774681
  89        19.510300503239        11.380013065466
  90        13.509294047147         4.125751638015
  91         9.052209082688         7.627066843221
  92        19.672127856143        10.001049838190
  93         9.488900544963         6.376622599321
  94        15.325132795880        13.958430399102
  95        15.569534527091         3.911890905392
  96        18.187624734845         7.272797208232
  97        14.223496513040         8.160587108247
  98        11.560344383626        12.655179598739
  99        17.588461237993        10.850365841124
 100         2.052473653744         9.158956648810
 101        16.888529497176         7.196710304557
 102        14.009254886380        14.849807870924
 103         6.181376281142         6.017360638236
 104        12.475137594779        16.343641957514
 105        16.947285003269        11.791712845508
 106         2.980729770436         6.298699441564
 107        11.327215213244        16.286037124716
 108        13.881682109619        11.214075215236
 109         7.445651713823         7.656057736357
 110        13.743652831919        16.093743532673
 111        12.400331264799         7.344289497224
 112         8.564738529844         4.525732698217
 113        18.402952115550        11.646510147738
 114         7.138383373112        11.777432927872
 115        11.578505791798         4.391470658582
 116         8.600298783330         5.664142384994
 117        10.098568554713        12.579217958100
 118         8.760475726075        10.693179362882
 119        18.429217408612         9.853170431144
 120        13.292859522735        10.239124391989
 121         9.242144081386         9.661076295314
 122        15.551713768236        10.010283754969
 123        11.958111927761         8.393900474973
 124         9.416096813118        11.647655109466
 125        16.680415850622        10.162837862746
 126        14.665715850068         7.110976130528
 127         6.147441426452         4.878901340671
 128        15.253413374405         2.723489355946
 129        15.897845614218        12.234339229587
 130        16.926022276586         4.044249617931
 131        19.107143484186         3.317481517843
 132        13.088211367071         8.252068166015
 133        16.455933982797        14.140212737338
 134        20.976796477477        11.824522381007
 135        11.270231825487         7.486121806206
 136         9.690185943655        13.642451137864
 137        19.441220876736         5.552290199347
 138        10.378373634388         9.582186818987
 139        14.431602996553        10.216664485045
 140         8.307913562547         6.764938473851
 141        10.329649090862        15.736398171956
 142        19.195425643274         7.803436893467
 143        20.669706368556         9.450541721758
 144        12.182506049140        10.492809847359
 145        10.630234501614         5.022361066607
 146         1.755811482473         8.059305475608
 147         6.635209580202        10.745352676048
 148        17.761537959294         3.270198785921
 149        14.208822256964        13.728463137367
 150        20.488004729082        10.795773736645
