 100         0.574266060770
   1         9.049425244400         7.585242120414
   2        15.222340136345        12.073679531344
   3        17.754816429773        10.206034048031
   4         4.693082524049         5.926687910344
   5         7.158220596777         6.281573087983
   6        16.264260451825         6.703138686586
   7         4.921338367546        10.466606181701
   8         8.743361151371        10.130026907404
   9         5.403324213602         5.024090116906
  10        12.137305566010         3.490398569640
  11        13.650732920287        13.099121238586
  12        14.798495984583        13.141144832525
  13        14.942002522157        10.959885629278
  14        11.042280067781         7.765735176982
  15        13.794239457862        10.917862035324
  16        15.903505017305         4.544442010262
  17         8.972681611741         8.760690236523
  18        15.632010270762         7.661984734709
  19         9.005980116756        11.334881208305
  20        15.156412211044         9.831544138630
  21         7.076642932727         7.463977048404
  22         6.509268146608         5.333951459009
  23         9.994977909814         8.237205456163
  24         6.050133172409        10.254595986804
  25        12.837429330485        10.282535021605
  26        13.120807003361         7.781243818365
  27        10.869475772010        10.055067223137
  28         6.614532281813         4.185961846368
  29        11.786699843025        10.746316843581
  30        16.427820753627         5.566312375324
  31        10.993193676202         8.913217883113
  32         9.244678784139         5.296522571402
  33         9.153009886379         6.441390619457
  34         9.822411636413        10.527065877967
  35         7.551171389025         4.850667207522
  36        11.145864709667         6.621883675887
  37        16.900554263613        12.306360266413
  38        13.966386924823         8.558495792098
  39         8.611755576412        12.413636530891
  40         4.464810357913         4.362034396466
  41        13.951911972164         3.415630466642
  42        12.029311296837         4.633842172638
  43        16.617315070633        10.364831693360
  44         8.098939230237         6.940492268834
  45        14.490359318381         7.536449332781
  46        13.073559639182         4.155646151191
  47         3.906061983251         7.518487415974
  48         4.994923025095         7.034847802312
  49         5.977893332477         7.962074742618
  50         6.123717829969         6.822837607447
  51        14.014761258620         9.706008736711
  52         4.822735687758         9.322314459381
  53        10.742342371661        11.224274484571
  54         6.729745409590        11.180475698913
  55        15.122609499355         6.577603285144
  56        13.644779397029         6.759197358953
  57         8.202523872198         5.796640767896
  58        11.085848525620         3.952528558328
  59        15.954936629676        12.958229367233
  60        10.098562551774         7.093353955233
  61         5.507424358382         3.880285415846
  62        12.970755104698         5.299568028735
  63         6.984802453722         8.608831345175
  64        12.085191096455         7.284629553959
  65         7.935288467706         9.253581197021
  66         3.622403476375         6.405534638109
  67        12.188775738416         6.140778053027
  68        14.171005213241         4.543071900130
  69         7.464594970874        12.469748733939
  70         6.335520869242        12.259231021501
  71         7.858819511221        11.390993411348
  72         8.027128946899         8.108726899959
  73         7.191774642592        10.128974380737
  74        15.172305289298         5.430146809840
  75        14.052513639129         5.685475410758
  76        12.555018946821        12.754829323839
  77        10.318534973584         4.807137209754
  78         4.849098527609         8.174084937505
  79        16.167957770280        11.421810430528
  80         3.754568668358         5.264632189901
  81        11.250670532835         5.478143419484
  82         5.951530492625         9.110304264488
  83        11.793755165785        11.894827294833
  84         9.937180878579         9.384282409731
  85        12.060232955631         8.451321244470
  86        15.037851515448         3.789610870890
  87         8.622965571720         4.330811063853
  88        12.919269101933        11.663155241088
  89        15.108037877206         8.684031194025
  90        17.498092810005        11.325506699459
  91        16.176709982622         9.304174731554
  92        10.190403031383         5.948499658593
  93        12.977457026641         9.142570864922
  94        17.354205388410         9.129634109462
  95         7.658503564215         3.707161265931
  96        14.074577072040        12.031655937396
  97         9.924112142512        12.031328796509
  98         5.529830688984        11.440702239070
  99        16.621426755824         8.245235155450
 100        11.920205259470         9.591285401158
