 100         0.769858041059
   1        13.545547335624        20.376706072919
   2         8.196215704858         6.245908566917
   3        15.930544972992        22.208234351328
   4        15.494338881672        11.371309400088
   5        17.195042251610        16.545407318863
   6        14.703937752144        19.132848141959
   7        16.596246100139        20.819865660076
   8         9.543566049802        10.549569367363
   9        13.575969080737         3.204931613309
  10        14.312356645556        21.976319575559
  11        19.900008068925        24.183360195462
  12        17.727891032374        19.775784551694
  13        13.117686162365         6.210821261847
  14         8.470840885656         9.280957056292
  15        11.252270754706        18.044204264193
  16        11.370617189507        12.991059969050
  17        11.034540215953         7.896746907493
  18        16.927963831687        23.381213990478
  19        10.627796073079         4.073641897016
  20        18.637868721072        18.533743401164
  21        19.258519065608        19.942827771894
  22        14.113715737500         7.384980833194
  23        15.043921399433         2.740344050443
  24        18.325415533627        15.499949592856
  25         6.610627872773         7.161045862747
  26        19.793653668774        27.099532907425
  27         8.022306909469         7.775771745493
  28        18.913140243954        23.001489851600
  29        13.587717283493         4.744602874736
  30        13.185383473245        18.878449801599
  31        14.622484093714         5.884770959713
  32         6.784536667859         5.631182684368
  33        18.547336610808        10.560039816388
  34         7.993909131868         4.678216862913
  35        16.584329445548        15.131987536184
  36        19.131051164661         9.135258102175
  37        12.013345630478         9.085302995386
  38        20.338319096093        25.659371393626
  39        17.540652011621         9.395002593251
  40        16.752048944986        12.390121759410
  41        15.054915604495        14.954170449317
  42        15.974081214229        24.589863470546
  43        12.341972837858        11.632099524785
  44        18.799913381598        25.722881008287
  45        17.593664960043        21.992845298946
  46        15.310702641892         8.353457969861
  47        14.444851875028        12.960288977944
  48        16.360443056143         3.538777730202
  49        15.068309429352        20.629425535605
  50        14.117079004666        17.652615779282
  51        13.878208542261        11.528632263856
  52        10.389361778862        19.319395901927
  53        15.090501869528         4.409395324837
  54        17.184914208051        25.540972862068
  55        15.788883329940         6.889877140819
  56        13.698997989408         8.867793971439
  57        17.354406016854         6.592789636627
  58        12.908616170625        13.063756238871
  59        16.251112272529         5.421180433447
  60        16.034063489142         9.712676384317
  61         9.476012532340         5.095463940647
  62         8.017261208074        10.752347925699
  63        18.693459831755        16.995031198716
  64        11.067742301318        10.767771951864
  65        15.635633283564        17.907014119641
  66        14.043017064755        16.114681956716
  67        16.817291164351         8.035784178804
  68        16.298012188372         1.847045720297
  69        12.553262690827         7.643354597726
  70        18.340912688659         7.813741245570
  71        17.040748088347        10.877713607437
  72        10.174297692541        12.021758532580
  73        18.138796825861        24.332323381544
  74        11.881832450605        19.697888844426
  75        13.604580676007        14.437204097656
  76        12.064852960713         5.087314313442
  77        19.851874334647         7.517564747704
  78        14.976662355536        23.416883831388
  79         9.689726538455         6.620276039613
  80        18.301351163962        12.306949920679
  81        17.521053459364         4.550562839074
  82        14.556721118030        10.146479487179
  83        17.846030764396        26.931530488551
  84        11.208449011647         6.366883729162
  85         9.515817742757         8.150139217922
  86        10.681333905189        20.831175611736
  87        19.040832598772        21.467077822158
  88        15.665628410568        16.367590231983
  89        17.362761751062        13.803541542074
  90        17.165047124598        18.084831206522
  91        16.246346089608        19.320433902320
  92        12.074875197285         3.547630849745
  93        12.173804576934        21.209668554235
  94        10.494623157283         9.338695305809
  95        18.871572649882         6.330242457677
  96        18.880338237587        14.063709220850
  97         8.640813656199        12.160150453757
  98        12.612934255707        17.323565345882
  99        13.020485413633        10.249946748107
 100        15.833347910005        13.625724455206
