 100         0.179149660105
   1         0.089513153361        -1.558182394384
   2        -0.043283733773         1.362394271726
   3         2.221506432809         1.841648107145
   4         1.064171175864         2.223716891988
   5        -0.148475212974        -0.082507172135
   6         3.934623463961        -0.551888098128
   7         0.777757152902         1.733678859743
   8         1.653210270391        -2.288751993673
   9         1.605824122487         2.589528322993
  10         1.775338890379         2.273865296442
  11        -0.200334849528        -0.910786261690
  12         0.950722715148        -2.182228590068
  13         3.984315486281        -0.197049461676
  14         0.712336055250        -2.449717287486
  15         2.681955447440        -2.276693358007
  16         1.417209306405         2.284892714405
  17         1.880806253893        -2.565480147566
  18         0.135765344670        -0.786628852229
  19         1.872982160134         1.929127432645
  20        -0.193900375953         1.037289627092
  21         3.845419770811         0.881064708544
  22         0.337489404657        -1.816806023732
  23         1.514851749202         1.940127961622
  24         3.698142019998        -1.226676619177
  25         3.938651120494         0.535107603831
  26         2.731685009654        -1.565172594602
  27         0.497705664228         2.360023707983
  28        -0.148873506539        -1.825671091800
  29         0.155800041900         0.887346628811
  30         1.109791013363         1.868333671659
  31         3.095841003115        -1.982171648880
  32         0.195922592323         2.166877700059
  33        -0.340291516333        -1.522789021696
  34         0.829739524693         2.494678519886
  35         2.284275111321        -2.459665917645
  36         2.876515950830         1.823066944231
  37         0.099102744757        -2.084294721148
  38         3.561007752933         1.098982598931
  39         2.544898763570         1.687389223199
  40         3.339964279620        -1.217343390222
  41         0.389684439616        -2.293915048115
  42         3.476408569641        -0.302115401185
  43        -0.443268054137         0.494544007920
  44         2.008631451135        -2.230757692667
  45        -0.428332027126         1.308251254989
  46         1.206529325605         2.574918890528
  47         2.840405817798         2.179541994067
  48         1.374140383965        -1.931332580188
  49         2.742373955290        -1.923524833400
  50         0.220523685288        -0.246241797494
  51         0.286001812688         1.221151814144
  52        -0.159630966780         0.275618437144
  53         3.838768081921        -0.897127360990
  54         3.556882155602         1.457258166492
  55         0.692408418621        -1.673899474231
  56         3.308015786474         0.845263329322
  57         0.144937031707         0.464342407963
  58         0.425920235698        -1.434366823975
  59         0.430354243496         1.895916072160
  60         3.592427804352         0.627345438932
  61         3.166537894890        -1.630916254107
  62        -0.101904856432        -1.255300324280
  63        -0.277715384947         1.633355899624
  64         3.477521475340         0.287971105168
  65         2.122712273007         2.186057916606
  66        -0.384872347326        -0.351755751952
  67         1.735400156042        -1.940006777849
  68         3.232298623806         1.865459071734
  69         0.156092785512         0.106216798685
  70         1.015081809636        -1.829699619516
  71         1.467851741910        -2.595379811696
  72        -0.066077171317         1.922471221591
  73         2.424963419063        -1.757305236615
  74         0.497640026259         1.510267136166
  75         0.168354479856         1.651509593692
  76        -0.498468374505         0.848565656356
  77         3.202254595525         1.508421595790
  78        -0.138700055650         0.683267978739
  79         0.732137315399         2.089062080084
  80         3.510970336434        -1.532201026936
  81         2.846471922549         1.466029468287
  82         2.088901251014        -1.881565536268
  83         3.129025305837         1.156836486215
  84         1.056596866341        -2.549029405631
  85         2.500361874490         2.066632652189
  86         3.301449403612        -0.861120135520
  87         2.025069003252         2.530795780403
  88        -0.050528697708        -0.480568510731
  89         0.234800764379        -1.131274069034
  90         2.401567714689         2.411042461651
  91         3.585913909853        -0.643270766567
  92         0.498286290040         0.000000000000
  93         1.294983526239        -2.281540708213
  94         3.680256500367        -0.007455556614
  95         2.995531838075        -1.316058617394
  96         3.985664478207         0.179906045472
  97        -0.466004141617        -1.151861041288
  98         0.628071099515        -2.026426350697
  99         2.364544911200        -2.110473761245
 100        -0.486601252341        -0.695310162124
