 100         0.538369221793
   1        17.671891099601        12.652910883453
   2        13.869406793438         5.706922178628
   3         8.051013082283         4.023102199811
   4        18.748597467385         6.191540718957
   5         7.387047326372         7.708814943306
   6         6.654470029585         5.421014938464
   7        17.427164066813         7.598543615754
   8        18.663230594028        12.232658954984
   9         7.220817766532         6.644985346959
  10        15.701572599286        11.291952118398
  11        13.735475973662        10.054601335296
  12         7.831555777146         8.689517708574
  13         9.276150448282         5.789052814223
  14        17.691493543326         6.443867548827
  15         5.962551435992         9.424472375390
  16        16.595154920798        12.650702424243
  17        15.393372940236         8.796633621110
  18         9.083664431208         3.718148322191
  19        11.683040271788         5.394233274432
  20        10.308801797206         5.484098936624
  21        15.558637021342        12.359161140477
  22        15.848058644783         4.874406180243
  23        16.637573017710         6.664360636219
  24        11.252845772693         8.358508158709
  25        15.075825036071         3.526120321993
  26        18.040274642326         2.715356342754
  27        13.374591105674         7.963054636398
  28        17.814741388352        11.569762474016
  29         5.349238042143        12.436928019749
  30        14.441949311481         4.396503709749
  31        11.626178004371         7.332080404763
  32         8.796837936306        11.685239690647
  33         7.288645769183         9.619364147437
  34        16.393943144013         9.936906302944
  35        13.745876143646         6.952355325776
  36        11.186041713352         6.349407661041
  37         6.342040896534         7.449340015461
  38        16.997096928343         4.438355377360
  39         9.094645207705         6.850382887074
  40         7.232441061670         3.323598430725
  41         6.963777201215        11.343076135933
  42         9.761574445931        11.167848265891
  43        17.516732246375         5.381406177770
  44        12.315826763959         8.158972335015
  45         6.754830135479         8.684267069145
  46        18.435864913427         7.221863011073
  47        14.077579968261         8.804634137533
  48         9.573278240969         9.810627050726
  49         6.175811336668         6.385510419141
  50        16.108871545771         3.829732878879
  51        17.192801787989         3.379551673261
  52        13.014878639005         8.977930302300
  53         9.979740239595         8.813554174814
  54        18.035718161619         4.130440334865
  55        17.224959936648        10.622394457899
  56        18.813071183785        11.166397507553
  57         4.827496426749        11.494433129005
  58        16.355554170490         7.703509829413
  59        15.715245501649         6.108772993251
  60        14.894088311955         5.373711978316
  61        11.896439408667        12.005815571855
  62        11.601643564224        10.190566337195
  63         8.365361626746         9.642569980459
  64        12.684942346077         7.136162706148
  65         8.463693792257         7.722888467756
  66         6.497577463550        10.361894558980
  67        14.638711535921        11.799605265427
  68         7.763484335602        10.621278809112
  69        14.437292434926         7.789758471626
  70         9.751226794222         4.562971479667
  71         5.887318510230        11.301349996214
  72         9.534781498731         7.833055630778
  73        11.196056652823        11.187995499202
  74         7.721011493978         5.273180635091
  75        10.490561928469        10.374581170594
  76        18.563892035354         5.130762900890
  77        14.735966990925         9.656627215154
  78         6.969376011152         4.388344349207
  79         5.343397452476        10.371481823936
  80        12.322821509176        11.017097219501
  81        12.660407905945         9.994648638576
  82        12.519532701585         6.072205317230
  83        11.956114297284         9.173848000917
  84        10.127296556636         6.545429009493
  85        14.781647113803        10.732396243480
  86        15.374530302836         7.259710497511
  87         8.908124220627         8.708650484502
  88        13.781156096090        11.130370363785
  89        14.687691082947         6.430483410444
  90        10.898375022943         9.375226508845
  91        16.468611728553         8.862237424954
  92        17.443066496887         9.321461983895
  93        10.567432847664         7.528101753210
  94         7.781276535462        12.044646031600
  95        18.174030006391        10.112752720512
  96         6.413602632472        12.270229326865
  97         8.718575445291         4.867925357279
  98         8.840680335970        10.608855871252
  99        16.738090498820        11.583493402012
 100         8.214455355334         6.230196221327
