 100         0.428236584794
   1         7.194087832688         2.509644173214
   2         6.237377423375         2.726783118640
   3         9.022875935227         3.466058781106
   4         5.846645661348        13.020000982175
   5        13.450561742423         5.312154681896
   6        11.514445641390         8.787152707828
   7        11.303336796622         4.607255846047
   8        10.000033531730         1.500639149717
   9        10.932748988492         2.915630409434
  10        14.354797581003         5.834147687569
  11         7.980084029915         2.988385498155
  12         9.714512802625         3.971216908706
  13        16.243615464630         4.762625504626
  14        10.739998421063         9.152909174836
  15         2.860382783118        11.417525369174
  16        10.132676060370         3.222609226229
  17         6.738675076787        11.052292495478
  18        10.200505836112         6.719341427979
  19        13.983565995735         6.605985365030
  20         7.158592925118         8.052904305306
  21        15.146410190085         6.161096869277
  22         8.967668883441         1.816401882442
  23        11.579209508963         7.917917921153
  24        12.049376390363         5.027935314064
  25         7.511934190844         9.675699388161
  26         9.221338559173         8.312339889948
  27         4.086327701383        11.475708763415
  28         8.311540730618        10.933404689801
  29         6.036250379560        10.562245727341
  30         6.342357027100         8.489868674062
  31         8.296236793479         9.222029486141
  32         6.379837929209         3.571325180648
  33         9.610985732558         4.838628771341
  34         8.589323366990         6.755318205056
  35        15.300555813007         3.696456921294
  36         6.936397692371        11.885630396646
  37         8.268022861654        10.078037818039
  38         9.381273151227         6.429186591326
  39         4.942789254788        11.471248070950
  40         6.784716195491         9.223261240412
  41        10.810467639197         8.299339974637
  42         5.225766326848         9.794046226889
  43         9.150869341058         9.165909090151
  44         6.636029106087        12.687705831133
  45        12.497483530386         5.757830019689
  46        11.057522216466         6.682122082362
  47        11.979486700591         4.081549085961
  48        10.570361527463         2.139601016743
  49         6.077782123004         9.706780120482
  50         9.120120503384        10.178519361767
  51        15.033750182650         5.312065649003
  52         5.803835558920        11.439015882280
  53         9.942819125271         8.839777476364
  54         5.184234583398        10.649511833750
  55         3.517134656600         9.844559270696
  56        14.242137573563         4.985116467299
  57         7.540148122719         8.819691056241
  58        12.843744271040         4.707738561442
  59         8.766397558819         2.648889806744
  60        10.597846664861         5.959457099481
  61         8.085978843669         2.120136327225
  62         9.789540618746         5.676282902139
  63         3.501679085567        10.849823561244
  64         7.211321444833         3.365943941314
  65         7.467799820952         4.183112915768
  66         6.805000118325        10.159218268199
  67         8.931214597487         4.317612942265
  68        15.862593212015         5.540541980851
  69         4.328112756262        10.624982109975
  70        16.128977560100         3.913859081425
  71         9.829282495678         9.688691914914
  72        10.522424788838         4.255513431299
  73        12.282295581287         8.407741637838
  74         8.312439971592         8.364503185942
  75        11.296252641687         5.463699717521
  76        10.013288343398         7.986208276167
  77         7.729108487338        11.561352913958
  78         7.499935983734        10.659828329226
  79        11.836063691801         7.039080709390
  80        12.804668904109         3.852157235112
  81         5.629663040422         8.966075539495
  82        12.636318322161         6.733894181479
  83         8.751378959218         7.596320152338
  84         8.159234349390         4.688547959179
  85         4.369817747064         9.764074256797
  86        10.683057996899         7.452396603874
  87         7.895127260022         7.615796236585
  88         9.543328743442         7.270188538564
  89        14.620068392161         4.216536877006
  90         8.843402736094         5.346574853532
  91         8.236562406183         3.805554472615
  92         9.652197127784         2.512963470161
  93        15.839185764223         3.030555978276
  94        13.260315769796         6.147231181467
  95        15.415193717488         4.545223344483
  96        12.500490292991         7.579528284884
  97        11.755928193446         6.186364700312
  98        10.481041399880         5.110986227678
  99        13.716262816982         4.289855496217
 100        11.198574692767         3.729806671172
