 100         0.407346415503
   1         5.946328250174         3.361012355538
   2         7.937304264861         2.271646975890
   3         2.300399178303         4.658269885481
   4         2.324126048299         0.451072203930
   5         6.577615783478         1.377870708864
   6         9.198143163779         2.999592653584
   7        12.415271293014         3.298441946027
   8        12.631301700878         2.512913288514
   9        12.589620073312         1.626702999483
  10         2.270059458191         5.512883402623
  11        10.281579792931         2.128937371537
  12         4.359929191095         0.835218135140
  13        10.814218162051         2.999592653584
  14        12.000407346416         3.999592653584
  15        12.646398897525         0.729655572963
  16        11.849626786111         0.899592653584
  17         0.998885221099         2.212275629529
  18         8.249901512397         0.000407346416
  19         2.978264590733         5.110180154820
  20         2.435461182466         2.709182876742
  21         5.766014831408         4.155500542932
  22         7.435208681390         0.000407346416
  23         7.280940029455         1.789039061144
  24        13.293042177994         2.037703913773
  25         1.592194048224         5.060973129353
  26         5.106856192406         2.078705728789
  27        10.006180662915         2.895670524650
  28        13.296170548904         1.221103647494
  29        11.667707456349         2.878072282355
  30         3.528046621100         3.607951224113
  31         0.998885221090         1.397582798512
  32        13.999592653584         0.810102733212
  33         6.676465365936         2.999592653417
  34         3.523434684422         4.504776174797
  35         8.303117740859         2.999592653584
  36         6.620515850382         0.000407346416
  37         3.625170651756         1.398823272659
  38         4.286549235660         5.046051679677
  39         8.657247927980         0.705952034302
  40         5.011609696149         3.847933800921
  41         3.656129998038         5.562090431846
  42         5.005361636747         4.662602672706
  43        10.263198563499         0.887638501913
  44         2.222335463833         1.479057302598
  45         0.948232523742         3.752127210335
  46         3.008492006001         0.009068080828
  47        11.057812248953         0.707878940860
  48         2.921595363155         1.985422664680
  49        13.203574269753         3.092765438471
  50         1.813069356372         2.183490168260
  51         1.505486321116         3.128909312997
  52         5.847478667710         1.739290410973
  53         5.811309855841         0.094800499217
  54         3.584566831404         0.585142906230
  55         1.651174370446         4.166099632561
  56        11.126211428310         2.247007368914
  57         9.483830085891         1.963650306648
  58         0.705952034354         2.972482546762
  59         9.448593440042         0.899592653584
  60         0.942969240384         4.568802876507
  61        13.096341436353         0.050482457524
  62        13.999592653584         3.266198830580
  63         5.913067766478         0.903886049127
  64         0.000407346416         3.379828962268
  65        11.468505354953         0.004277077822
  66        13.644828070681         3.999592653584
  67        10.800000000000         1.500475043471
  68         2.845569267904         4.052865902754
  69         3.246825295597         2.782753827952
  70         0.293340533157         1.804929214025
  71         5.082626435472         0.459142209402
  72         7.069407860885         0.728359383718
  73         6.565623410287         2.192475270526
  74         7.865902415912         0.899592653584
  75        11.927879596201         2.101912374228
  76         2.196344460097         3.560695649866
  77        12.283188995439         0.000407346416
  78         5.183225142388         1.267600191652
  79         4.500407346416         2.622713271101
  80         9.064594343565         0.000407346416
  81         8.750630452319         2.318816051479
  82        13.999592653584         1.632104561779
  83         1.646260638461         0.902982477156
  84         0.000407346416         2.565136131257
  85        13.909493877259         0.000407346416
  86         8.809647711538         1.506263670394
  87         2.900200873689         1.027147029357
  88         7.489791553403         2.952423578006
  89         9.859208029016         0.180166907469
  90         0.238956388588         4.158814689596
  91        10.653821714467         0.000407346416
  92         5.191923114917         3.053445613524
  93         2.947924868031         5.964793675891
  94        13.996526582126         2.449948268582
  95         4.290880885897         4.231370364246
  96         5.835486294514         2.553894972638
  97         4.415307250747         1.648026648513
  98         4.320093927650         3.417201458495
  99         3.808492210540         2.192622753021
 100        12.830135239667         3.999592653584
