 100         0.454419343115
   1         6.000000000000         0.000642645998
   2         7.617234103445         5.701467677170
   3         8.145714814364         2.441737795940
   4         1.459365404137         1.719457647595
   5         7.286444220280         4.780106840113
   6         4.061652460144         2.462354200171
   7         4.548996106467         1.503711596735
   8         5.090706894421         6.499545580657
   9         6.731110396177         5.499545580657
  10         4.940001729829         4.035541687262
  11         1.696895021738         5.238233462294
  12         0.835357634061         2.509182892138
  13        11.090899135091         2.359033483045
  14         1.090706894426         6.095199270701
  15         8.580262855959         1.643517427155
  16        10.198039521271         3.437546762508
  17         0.998997531620         4.326855152824
  18        11.999545580657         5.095218476321
  19        10.457333318276         1.707433825771
  20        11.999545580657         2.377725581870
  21         7.102129287870         2.379815235269
  22        11.909100868227         5.999545580657
  23         5.853967694965         2.481015678802
  24         9.984021560097         2.525869545343
  25        11.574017696998         1.574660343006
  26         9.548781158954         1.684614286153
  27        11.999545580657         3.286564268224
  28         5.999545580656         6.499545580657
  29         3.473917970515         4.873726968180
  30         7.501664525775         7.237030832854
  31         9.999545580657         4.999545580657
  32         4.473235239968         4.815360128674
  33         3.152858762274         2.453311396023
  34         7.667959946092         1.668602592090
  35         0.788056335508         5.238233462295
  36         8.052043737177         6.499545580657
  37         0.000454419343         4.784723838094
  38         8.189832964504         4.879487594774
  39         0.000517851958         5.699532491528
  40         9.114267380271         0.886375265727
  41         0.000454419343         3.875885151863
  42         2.135616644150         0.136429395675
  43         4.919798329675         5.606921348354
  44        11.000454419343         5.980853636223
  45         5.853967694962         3.919893159890
  46         7.485939481373         3.203634082445
  47         3.650959435842         1.651602081840
  48         2.573830511240         4.999545580656
  49         2.407978773529         1.932598845801
  50         9.648347034669         4.161304959540
  51         8.525794658920         5.723950440301
  52         4.181868208189         6.499545580657
  53         5.545521868975         1.626118649905
  54         5.828637015905         5.606921348359
  55         8.387578709612         3.317802641579
  56         7.003630335923         7.998821070305
  57         8.999545580657         6.499545580657
  58         9.054536397900         2.447313357716
  59         7.033237392060         6.457500258157
  60         0.000454419343         2.058207779402
  61         5.476690274388         4.768994592177
  62         4.010959643445         5.606921348359
  63        11.000454419343         4.172199291793
  64         6.125130580372         0.900826013710
  65         9.090706894427         4.999545580657
  66         7.837886222992         4.041560838591
  67         1.256081537882         0.744561108116
  68         6.379163654661         4.661618824475
  69         1.909293105579         6.999545580657
  70         1.765332775491         2.575244843840
  71         1.999545580657         6.095199270700
  72        10.931371698941         0.932014344939
  73        11.090899135098         3.267872169280
  74         2.558751694946         3.200454419343
  75         5.298633870860         3.200454419345
  76         7.997280157617         7.999323137531
  77         3.008313437803         1.008956083802
  78        10.022819539618         0.909194805321
  79         9.296400293147         3.323378203358
  80         2.904145877119         4.100636727960
  81        10.000000000000         0.000642645998
  82         0.613435539844         1.387207106154
  83         1.928652997417         4.359441110083
  84         8.739525451130         4.155729397761
  85         5.224947212699         0.775695433299
  86         3.929344522121         4.087231949963
  87         0.787531809566         3.421465808746
  88        11.090899094649         5.076526522010
  89         0.000454419343         2.967046465632
  90         4.959382237323         2.320689085360
  91         7.025313948054         1.025956594052
  92         4.396111011968         3.307413508564
  93         2.102011402175         1.076811649556
  94         1.000454419344         6.999545580657
  95         6.445705236652         1.751249230317
  96         6.934497478767         3.942180083931
  97         3.461174383043         3.308255391605
  98         6.409301519072         3.200454419343
  99         1.694398007871         3.481311075599
 100        11.909100865410         4.190891372267