 150         0.900351189843
   1        10.537888181236        12.565777598196
   2        26.966855637244         9.529561574611
   3        22.301070418587        15.948292434359
   4        22.825542948220        17.670923452862
   5        31.517773565168        11.935867666552
   6        26.827206092684        12.837317987390
   7        10.232424245945        28.741960972857
   8        15.456542344546        17.838862901416
   9        25.335558207037         8.767067145332
  10        23.765724416509        19.206692923496
  11        13.140443203635         6.513447179046
  12        16.844464171404        22.583043274889
  13        21.831158520885         8.543468143093
  14        13.298526251323        17.279592392986
  15        15.706128537318        14.325434386636
  16        13.996011558604        21.451116660434
  17         5.917057395138        11.300269596104
  18        26.156099356957        23.002313526737
  19        29.455474648810        24.052467475018
  20        20.156964746597        19.285320419643
  21        11.914421255173        13.726676283120
  22        13.883442591251        11.219589277961
  23        15.345712321455        24.675299226864
  24         7.520389903236        12.119936558215
  25         8.823238714111        27.620923418568
  26        30.470394979241         9.357731634049
  27         8.592497261570        15.066010301303
  28        10.638643422689        20.845485306446
  29        21.087058148750        14.618366395466
  30        16.454572301045         4.652791637551
  31         9.151843150008        19.829633934632
  32        26.499931271071         7.393471707005
  33         9.228231272239        23.726435276326
  34        22.897471577028        20.784243577825
  35        21.608362982201        11.584940532254
  36        26.076346339561        25.975748125504
  37        20.764468043219         9.994226732646
  38        11.387051793239         6.923505251040
  39         9.514039076015         9.602526506185
  40        16.290092210966         7.988334626132
  41        10.323695191045        14.570548103581
  42        17.717265669282        11.324600669324
  43        26.508242120013        17.702247810547
  44         9.887179076105        16.317540588359
  45         8.678321807625        17.652154077317
  46        19.233459806075         6.348762658697
  47        12.371322307227        15.497141484608
  48        12.506909516863        10.058690592054
  49        13.655249278053         3.231326276774
  50        11.966567864041        25.918060916226
  51        15.609239356798         6.242741722944
  52        28.131228701237         8.155966136258
  53        12.711121373965         4.764672800553
  54        15.916940307141        11.361446981723
  55        15.071105600157        22.895658754784
  56        18.626701336866        12.878774349075
  57        12.110425255101        27.917191593196
  58        24.557604457818        10.391048987763
  59        25.064195538534        27.788859782391
  60        18.320564116129        19.301767236103
  61        18.087603544715         8.095489028518
  62        21.025217586068        17.707769764128
  63        20.921722860006         6.989294459403
  64        20.426247367074        12.943296793608
  65        12.823341986206         8.286009133710
  66        27.366193208138        19.286460851185
  67        10.696120651317        22.683444465575
  68        29.843511415887        11.273013748584
  69        32.053088015330        10.216574934078
  70        22.772818900846        10.080521857257
  71        10.863520835708        10.794763076901
  72        26.188901888373        11.153543417203
  73        14.732327133288        16.190214547066
  74        13.563417367061        24.940436210830
  75        19.855032382354         8.440053048965
  76        24.661995897255         6.786098859585
  77        13.290002374208        23.160612258250
  78        26.868409612981        27.592895252738
  79        24.366028918241        22.584263524826
  80        28.738610713450         9.851140508323
  81         7.552791505424        24.386306967422
  82        28.049045572078        11.514579408948
  83        24.697921232779        20.814411397729
  84        25.566174072257        19.236860743395
  85        10.297384442523        18.440294448545
  86         8.889208497552        13.289921479553
  87        27.956019330703        23.055390341986
  88        22.329051821514        13.240515590162
  89        27.442345561930        14.529692797062
  90        14.516976275899         7.674345865991
  91        15.454351563988         3.155431447929
  92        14.022741459318        18.928240746279
  93        22.699379116874         6.702123268676
  94        16.531535665362        16.116881618479
  95        27.675182540676        16.315278415736
  96        24.908913513309        24.301180930135
  97        13.923695409399        14.581288260556
  98        14.200543806541         9.447027324299
  99        17.400050911031         6.431217285027
 100        24.692075342790        17.662541693328
 101        24.275678296897        25.986868392539
 102        23.150577126571        23.912874078171
 103        26.497940368665        20.864011505518
 104         9.156272798302        11.367330277389
 105         5.976304815811        15.270059201111
 106        16.826375974709        12.915620661482
 107        17.511180836945        20.910315577832
 108         5.439684164335        13.550677937596
 109        25.901973228979        16.001817417851
 110        10.303325313705        25.170977371108
 111        12.214908332661        21.716070163913
 112        17.375430613257        17.707595423593
 113        18.245383855272         4.841267199757
 114        22.144045249948        22.419748952283
 115        10.498678484746        26.961051727086
 116        19.224892223936        17.744616076540
 117        24.101725375713        15.961360933790
 118        19.287512118662        14.553843950901
 119        15.710504541415        20.900623361385
 120        29.153946269148        12.936452648808
 121        12.240053909651        11.955661761820
 122        18.331081695467        16.181404062927
 123         9.119855741059        21.812859608540
 124         8.627885546763        25.830849062201
 125        17.023967046778         2.259468357084
 126        17.487186756523        14.590690263301
 127        23.868888396985        14.175775315121
 128        14.763140482405        12.791386607524
 129        19.582352428101        11.352582994013
 130        16.519887820431        19.292075019533
 131        13.552003719833        26.771830328044
 132        18.626195052220         3.081292230461
 133        18.672916760493         9.798409314292
 134        21.957290108726        19.248474107199
 135         7.202269253680        13.920468645085
 136        16.875405426915         9.691254911859
 137        23.608814777781         8.256296952391
 138        27.416915270731        24.773498566968
 139        28.916370588847        25.770575699999
 140        25.030832045961        12.532457229014
 141        23.399534615737        11.769962799886
 142        11.771214692981        24.127986560245
 143         7.383639993084        16.400623790194
 144        11.506241710956        17.105680959578
 145        25.669136250240        14.216231799171
 146        14.511102368145         4.815638287858
 147        20.131407057605        16.144557750529
 148        10.511379275352         5.350061034766
 149        11.784184715215        19.456145820355
 150        11.069950575524         8.696067204288
