 150         0.931534748168
   1        19.666545437425        20.678717923502
   2         9.040978805934         8.526144744295
   3        11.671085422135        17.359298393599
   4         6.304114885697        13.399095074076
   5        18.076707577320         6.902892946702
   6        25.615904430172         6.811568534748
   7         5.345003651628        21.533334189653
   8        28.602668928132         9.853043212400
   9        21.625003736169         7.686412559104
  10         9.948883732366        16.648630195142
  11        15.534880439992        10.798876359451
  12        19.964287327807        22.804381986634
  13        20.948750197106        11.152014227367
  14        18.841983795343        28.724219925862
  15        19.612860086851        12.450638715669
  16        19.194285131555         5.184669479855
  17         4.303072974206        19.766922378010
  18        12.799895336084        11.608653369345
  19        16.751318695121        22.977578736191
  20        25.782471557662        24.732872465252
  21        19.906455226034        27.195191305632
  22        13.847085619866        27.013644880095
  23        15.325326465552         8.947629073549
  24         3.418900763482         8.455356043203
  25         8.109897910445         6.912417284474
  26        18.307062949788         3.546418962427
  27        22.409243472378        14.529747205811
  28        25.839642773741        16.521537576634
  29        19.226442230797        10.441603629373
  30        16.437061703851         3.560184435639
  31        23.753258040659         6.771864930727
  32        14.875533594554        29.579565496542
  33        28.324054092040        22.129700240902
  34        14.625436633205         3.994974674949
  35        17.397949936771        10.798876465252
  36         6.212382932419        10.118977751769
  37         6.199595696528        16.561009648394
  38        27.342018158422        23.713636306036
  39        19.939745807704         6.892099226146
  40         7.217148876235        11.775088645322
  41        13.201738587876        28.761373450693
  42        10.900576468315         8.412458849885
  43        10.066009317572        13.398721702412
  44        24.470805505456        19.490457713561
  45        17.205945025796         8.945727236852
  46        23.829122280134        11.726814116780
  47        20.617342546275        14.019728559172
  48        11.756387514144        22.485690597495
  49         8.502816348146        22.943975836909
  50        18.662313961530        25.808417905891
  51         5.209529558374        18.139235549941
  52        25.703255187307        12.798182779778
  53         4.660180856308        23.513206103487
  54        15.004063876181        22.330950136541
  55         5.354081091021        11.772563521417
  56        24.057631956940        15.443356040281
  57        11.927049876956        24.712798357322
  58        19.627242008855        18.816063047067
  59        17.170611380674        29.556408912495
  60        13.457414729368        21.292246923433
  61        11.074056511704        15.159719016610
  62        26.272867304364        19.017592805570
  63        13.825327876300        10.052708040154
  64         6.163823654758        19.859846289780
  65         7.464761102618        21.200439316434
  66         8.085940047180        16.670281392925
  67        13.568872086233         5.529477626388
  68        28.680130213120        11.714501699146
  69         5.281302039430         8.505250290480
  70         8.930736228372        18.330807623001
  71        22.743665489420        18.586514152439
  72        17.360200460856         1.941900534750
  73        19.017570096335         8.510936997364
  74        16.974751833417        25.019011792392
  75        26.270631844274        22.189444942051
  76        12.189787966738         4.276818478318
  77         9.079662372142        11.729575722865
  78        15.185457488827         2.061266978161
  79        15.317694507661        24.167431515871
  80        27.402342079660        17.535933370935
  81        16.265082506572         7.337683186312
  82        28.378907698214        19.122548491521
  83        10.354855390496        23.713182208353
  84         8.108990276396        10.139348181351
  85        23.265275697709         8.569891955402
  86        17.154276291944        20.489338116230
  87        20.172761960796         3.540752939702
  88        22.218891582309        12.664387814757
  89        11.956432107076         9.947449670261
  90         3.491016903810        11.768115725891
  91         6.246828487702         6.911893260104
  92        11.925364121240         6.856554534749
  93        13.246352513729         2.742315526899
  94        20.129431789061        24.660117758533
  95        24.343490717919        17.631743401714
  96        11.929077983387        13.400480974834
  97        25.205383372215        10.471054046184
  98        11.436798687706        20.650236721646
  99         7.177909380895         8.525620721526
 100        14.407634802520         7.193059621856
 101         6.176100941634        24.675720801278
 102        21.759789364741        23.758473636002
 103         4.441047100494        13.396569950183
 104        13.423537280662        23.317339323984
 105        25.127922087225         8.609595559439
 106        27.266705410268         7.675214337520
 107        10.942561946468        11.754737688702
 108        15.291206968757        20.490141403224
 109        12.036941349397        26.572629467171
 110        12.981219755016         8.391545358995
 111        17.597842530691        27.337446526178
 112        21.071603904986        15.826569605378
 113         3.346683123989        18.168064534748
 114        17.323427001512         5.198898720577
 115        26.778723067331         9.473241362207
 116        10.007043416956        21.844735702094
 117        10.016043598916        10.117574632951
 118        22.613290587553        10.315155077289
 119        24.711085243514        23.208681101268
 120        21.110907333668        17.689224481811
 121         9.031807477161        20.192622523940
 122        18.408376020899        23.829159012734
 123        27.249432922943        20.604207926148
 124         3.484252971079        21.440410277885
 125        22.930416064544        20.538421605383
 126        22.704362060877        16.723859275994
 127        15.511801930310         5.633688960387
 128        27.409576787722        13.761533731532
 129        24.012548825155        13.580832091573
 130        18.307230002047        21.952801710120
 131        23.033327170492        22.398646659655
 132        15.854441415641        27.994394393450
 133         4.306891716022        10.093189984134
 134         7.070280238894        18.232159461910
 135        13.737167899674        25.153820683303
 136         7.235630392430        15.012571695917
 137        15.505305690472        26.164330953664
 138         8.180601797724        13.369700327418
 139        12.541794220757        19.150232448173
 140        26.856184352321        11.334699848949
 141         9.098574077621        14.990920498121
 142        21.362911270571        21.573577771937
 143        21.260000164609        19.713352717689
 144        10.690254647617        18.943280382223
 145         8.037765132459        24.748069879724
 146         6.641152157323        22.871626758461
 147        25.748338319153        14.660706728625
 148        23.413487046202        24.619666073649
 149        24.608174137558        21.348456047013
 150        20.702829838942         9.305246476408
