 100         0.360574958359
   1         1.256858759380         3.400511261967
   2         1.230560405617         2.663124196196
   3         1.336024099003         0.336534029022
   4         5.786548316282         3.458688434057
   5         6.999639425042         1.170327162642
   6         6.999639425042         7.499639425042
   7         2.349947554562         4.203576990859
   8         1.222822125006         1.927445882469
   9         6.375105277226         4.598214914781
  10         0.999638630428         4.391747827689
  11         5.130741805414         2.332937874546
  12         2.999901219959         0.000608710037
  13         6.272479258219         0.000360574959
  14         3.610324553896         2.832851525623
  15         0.625061446182         3.775507853115
  16         6.999639425042         3.422268693974
  17         1.847783331571         1.567611625122
  18         3.110227661667         1.593360367510
  19         5.765074942146         1.935829696103
  20         6.454571730084         0.698142442084
  21         0.624894722778         5.729214649100
  22         6.395719884395         2.285606995539
  23         3.817547132860         3.523587368873
  24         0.687177470515         0.721428923614
  25         5.780252666509         4.190529283557
  26         4.465745352033         4.783426949977
  27         4.319680790524         2.648185829085
  28         5.831384791913         1.061040833539
  29         3.809813571823         1.418326780161
  30         6.999610654267         0.017099981855
  31         5.128709787786         4.499639425041
  32         6.000360574958         5.214350947256
  33         0.000360574958         5.368639690739
  34         6.999639425042         4.237639956419
  35         0.624466786222         3.053902556541
  36         2.278600010837         5.499639425042
  37         4.515521592216         3.342234518137
  38         3.813451447211         0.697186039219
  39         5.136744773762         0.867307904980
  40         0.000360574958         6.089789607464
  41         0.000360574958         3.415217709069
  42         1.658234701110         3.999639425039
  43         0.696384676414         6.999639425037
  44         2.538216131375         2.755566437875
  45         0.999639425041         6.345350681574
  46         5.140231369926         3.778581552515
  47         6.368994482833         1.541699779836
  48         4.477266934173         4.062369077453
  49         6.999639425042         6.191061938097
  50         4.278562779971         5.999639425042
  51         2.999639425042         5.487015417929
  52         4.999639425042         5.989359623662
  53         5.178486027969         3.058446993199
  54         6.999639425042         2.679736911697
  55         2.485054698991         1.952826595605
  56         0.000360574958         0.941291959090
  57         4.506390901012         1.231679447345
  58         5.644900319084         0.355609610913
  59         0.000360574958         6.810939524189
  60         0.000360574958         2.692587404009
  61         6.000360574958         6.656650780706
  62         2.000360574958         4.834327454076
  63         3.115657039060         3.358035266468
  64         2.489971223595         0.510538706402
  65         2.405697670736         3.484585247562
  66         6.624894722779         5.574925905618
  67         3.808533975830         2.139475561632
  68         3.108948065655         2.314509148981
  69         6.000360574958         5.935500863981
  70         4.000098780041         0.000608710037
  71         6.999639425042         4.958789873140
  72         4.000360574965         5.334311885019
  73         0.000360574958         1.911030683305
  74         2.721399988813         4.821703427337
  75         3.113865537059         0.872219626568
  76         0.000362391843         0.185077301889
  77         1.845954098376         0.846464028372
  78         6.381400927001         3.051002802836
  79         1.846928336264         2.288761035008
  80         4.999639425042         5.268209706936
  81         0.375105277222         4.752503658262
  82         5.777481386350         2.656872886687
  83         1.220992891876         1.206298285720
  84         6.696384676426         6.845350681569
  85         0.000360574958         4.136367625789
  86         6.179906448590         7.497058382296
  87         3.070376362610         4.083993975571
  88         0.606454194354         2.301809043658
  89         5.133106898362         1.588448645927
  90         0.698023619988         0.000360574958
  91         2.485909694477         1.231677185728
  92         3.440176485537         4.880163243785
  93         0.534175996319         1.426161321198
  94         0.999639425042         5.113078616623
  95         3.779292474817         4.243721928189
  96         4.510777710429         1.952816021294
  97         1.862952378780         3.009732901622
  98         6.404786814324         3.829954325197
  99         4.510028776405         0.510538706402
 100         6.999639425042         1.891477079367
