 100         0.710452609717
   1         8.679384564731        10.024471042511
   2        18.261906116106         8.314974563394
   3        20.381467999960         3.345620759454
   4        17.464659690961         9.539274014268
   5        11.842031427661         8.630577658992
   6        19.855563791713        10.636713218382
   7        10.097296089600         9.931142355847
   8         8.878585619449         8.617541705922
   9        18.690470661671         6.959597469766
  10         3.855104864119        10.949370511795
  11        22.394259759920        14.431367242313
  12        18.884345767917         9.599472481270
  13        12.466726648190         7.354361562844
  14        18.964090188714        13.661845948560
  15         4.445309364767         4.893961033441
  16        18.044742507503         5.512697027637
  17         3.823095458543         8.042561002467
  18        16.096842554824         1.702501637013
  19        16.818374748152        10.804757730505
  20        13.603938858919         5.420171700834
  21         1.878483709264         9.847626102864
  22        19.161530229736         4.074128466690
  23         6.826293138644         4.898106153842
  24        17.514236481713         1.802331989601
  25        14.120647697201        14.424363714129
  26        20.268232084474         9.276993051254
  27        15.817868461584        13.234892261255
  28        20.098108036337         6.734243540349
  29         3.198197404145         9.319357685843
  30         5.634451330121         5.671827474461
  31        20.982184953175        14.272696721205
  32        10.986534404219         1.795127004915
  33        10.248372615042         6.130294944393
  34         3.029231433108         4.672001463915
  35        18.238587208771        10.866198258222
  36         9.313587736215        11.296052641161
  37         4.366229062415         6.312720419216
  38         6.745153298575         6.558098036911
  39        12.344221649940         2.214436725517
  40         9.633013349768         4.849489219155
  41        15.466482181834        14.880281444129
  42        14.411258900646        13.033436384007
  43         4.621022066535         9.326208581795
  44         5.637151898196         4.120239568417
  45         8.715518601180         3.318287446273
  46         5.500005892856         7.254366222681
  47         5.237183099290        10.608633003902
  48         9.512017880158         7.345577315062
  49        14.774231585626         4.614326444950
  50        17.561017310043        13.437077835628
  51        20.749027929219         4.786011354023
  52        13.904459348236         3.490665298622
  53        13.000267135523        12.865398575824
  54         9.635473767786         2.235320810961
  55        20.249146172302        13.055409718453
  56         6.683076775591        10.452603618809
  57         7.888499093232        11.204993351182
  58        11.608067286158         3.429841742044
  59        10.771676513594        12.629128329510
  60        10.731782761151        11.207416485354
  61         6.038606386034         9.186195385941
  62         8.225814693508         4.652200424704
  63         7.486514092236         9.222266908758
  64        16.132704552187         5.036014094270
  65        19.464753786761         5.462302489347
  66         2.447080520267        11.152580890570
  67        13.523169911702        10.006296454499
  68        19.376230751184         2.341394830488
  69        13.787033251299         6.829230992026
  70         6.787241627103         7.978437247640
  71         8.479481510560         6.050337972116
  72        11.044187878029         7.307610673060
  73         8.237620342341         1.980099067399
  74        19.697129661782        14.879133287499
  75        18.156292980978         3.069902537734
  76        16.873336881535        14.680552812250
  77        16.737516435606         2.992154502673
  78         2.929819223803         6.090041937367
  79        11.991756891227        11.864378641135
  80        11.664826735563         6.017211415090
  81         8.092886693324         7.417700331454
  82        10.312455203522         8.526465699616
  83         2.529160248218         7.453951080068
  84        18.438461322999        12.273617970703
  85        15.354292669323         3.317213966483
  86         7.288028847159         3.371032998793
  87        15.680554999062         9.134087070795
  88        12.710291343723        14.597644377616
  89        14.957325978007         6.023385736142
  90        16.818221214481        12.225719898368
  91        14.907563872966        10.326335518727
  92        12.102421715078        10.027420005443
  93        15.007843650483        11.743777422788
  94        17.338776988030         4.279577273489
  95        10.191612774569         3.542929659482
  96        18.276409104199        14.905320713406
  97        12.734112694643         4.296533571145
  98        13.501609076706        11.427069178537
  99        13.262779624287         8.609454108045
 100        11.049468981505         4.736403180750
