 100         0.723571501098
   1        12.864530869604         6.499632505622
   2        13.075614529601        15.006532275427
   3         8.840286767963        11.607522844332
   4        21.312789004019        11.407028996087
   5        12.217234432190         7.793939343631
   6        10.042825087297         2.638109084765
   7        13.308863323706         8.771275222098
   8        14.194883293755        15.923843728748
   9         6.173845137095         3.655784680874
  10        15.989153718630        12.803039475246
  11        14.975388255460         8.479018506005
  12        19.455236272637         5.391488442264
  13        18.793462614047        12.685084677647
  14        20.153654033505         9.458695547238
  15        14.398304337880         9.806119489698
  16        17.953006707848         5.839902329177
  17        17.479291974608         8.984345679749
  18         6.337731347147        10.287606764081
  19        12.104346140422         5.268234094739
  20        11.623496012516        10.626593424694
  21        13.001763899975        10.185457958792
  22        16.640547768043         3.752779663937
  23         4.926873471822         9.965577379597
  24         3.371195023226         6.132711973917
  25        11.520478209404        12.070065004272
  26        16.648361930118         6.466101077782
  27        11.203139936237        13.481985430212
  28         8.527237788274         3.724565103797
  29        13.405790523251         4.286327105157
  30        14.574710961126         3.039242350616
  31        16.123561785305        11.362151783428
  32         6.847432235157         7.684426818062
  33         2.140205200811         6.893558164760
  34         8.197291366451         7.162791701810
  35         7.395949117987        11.772133043247
  36         5.951598060544        11.682283771071
  37        14.545267462938        12.900072198797
  38        20.196794215080         8.011034213702
  39        11.635607346997        14.862997670359
  40        16.424327839791         7.993753158528
  41        17.210030145775        10.406218014518
  42         8.640222221944         2.281839424150
  43         9.113783191001         9.811067579196
  44         7.782082404586        10.377456036258
  45        12.898746096840        11.628929538370
  46        19.052063790492         6.781335490851
  47         9.929840653628         4.080834764414
  48        13.939317697930         7.468681597503
  49         9.963721184021        15.275789771945
  50        18.339446671882        11.311005934181
  51        14.357505355532        14.334982739503
  52        11.380363143070         4.013745425323
  53        17.747419011786         7.407534240621
  54        11.383002157812         6.611367473780
  55         2.252470136034         9.651068282855
  56        10.139050115831        12.501202211090
  57        15.838933035058         9.943275698863
  58        15.917352118091         2.499300138497
  59        19.875945650721        10.879511674955
  60        20.195557327391        12.326820412499
  61        15.476774119688        15.252294192823
  62        21.840709428499        10.059615587221
  63         3.651626569409         9.281495362058
  64        10.552327548814         9.653546153906
  65         8.671855296474         5.795673585051
  66         4.540740185216        11.360254386585
  67         4.390832778197         7.159630528424
  68        17.938451927772         4.392832521882
  69        10.838966544752         8.235074809526
  70        11.930595436262         9.212410688008
  71        12.636512766129        13.069107228107
  72         6.172478015423         5.102927037320
  73        11.078466012764        16.198593568261
  74         7.119155069544         6.197470514777
  75         7.593718999543         4.830352398007
  76         7.251961714353         2.690441470049
  77         3.256454939891        10.693295409115
  78        16.137745674658         5.109766371203
  79        19.316500058801         3.951011045067
  80        14.051581600488         5.671904633003
  81        10.177427647562        11.053136192019
  82         3.159842955803         7.920476719192
  83        18.758823204594         2.615638664382
  84        10.658569516899         5.331105580173
  85        12.518473195371        16.342128173336
  86        16.444794120213        14.176580407749
  87        17.376467544349        12.391234645511
  88         5.769295938249         6.719105631028
  89        15.325270758201         7.052319995600
  90         9.649751859541        13.863116370853
  91         9.898919887859         6.562834166323
  92         9.424355957817         7.929952283076
  93        17.349091267597         2.288715531778
  94        14.604204452929        11.238687396019
  95         4.749658183327         5.692187076503
  96        21.492803767372         8.654914722293
  97        14.844132686061         4.461084396321
  98        18.648518035474         9.837066787413
  99         1.760686521660         8.290049640253
 100        18.802383146540         8.398126761931
