 150         0.341426599498
   1        10.000026734344         1.500509584473
   2         9.288945367285         4.149333340467
   3        12.802069115206         5.814798444436
   4        11.356001731222         5.477432057940
   5        10.840740329755         5.925532693490
   6        15.805736394314         5.603912335346
   7        10.326256719503         3.082652379760
   8         8.961389287791         3.036841174855
   9         7.407114201042         4.147931344653
  10         5.308061407229         9.043159834975
  11        15.372632190107         3.528995355577
  12         7.976897135744         4.524276795960
  13         8.640571529979         4.363575863071
  14         7.487135750053        10.784546851649
  15        12.231454578758         8.479917127565
  16        10.751126641521         6.602480164390
  17        15.661879083835         4.377759402925
  18         9.390829093554         7.087034763827
  19        11.986822676204         6.024274556713
  20         9.929031464374         4.387195232556
  21        14.716292339175         5.697927833622
  22         7.108882809422         2.547891175904
  23        10.344948461089         9.364843042649
  24         7.736972097561         8.978111378967
  25         2.860240723858        11.417593406581
  26        11.952710980054         4.663537475606
  27         7.158704900300         8.052981510259
  28        10.611232652190         4.417028615449
  29        13.125027980550         4.018078539187
  30         8.651396410583         2.428406373518
  31         9.765621817886         9.726324898163
  32         6.852872501940         3.180937156743
  33        16.126251973805         5.000954414178
  34        11.023444175939         8.355736230996
  35        12.678516255260         5.143215849203
  36         7.472361875898         3.468202551439
  37         7.728372183358         2.835156570572
  38        11.570689386862         8.764161463772
  39         6.998584296513        11.261627535086
  40         6.760062520054        12.586988629819
  41         3.692635455599        11.475795573400
  42        10.291884089549         5.519274993277
  43         8.044225400807         3.842397391677
  44         9.246488894618         7.869865792698
  45        10.366783045452         8.664744360390
  46         3.314143769297        10.907436061375
  47         8.501924080420         5.032205339036
  48        11.161647292225         3.901174225049
  49        11.124449312932         7.680394499950
  50         3.516759500721         9.844530024860
  51        12.442216496111         7.830403535946
  52         5.396649573093        10.079609962672
  53         8.690230934566        10.559628753442
  54         9.333326982668         2.392921359029
  55         4.016386866592        10.813558978735
  56        12.604563759375         4.460125466411
  57         7.881799245594         9.708391131340
  58         7.770017763325         7.615709426600
  59         8.772993101648         7.377839128513
  60        10.482876861925         1.983359712053
  61         7.079751671220         8.792774381325
  62        12.579982199382         7.156028816849
  63         8.370916007987         9.231890042063
  64         9.742232669567         9.043872380304
  65         9.017724442753         5.487823074344
  66        11.058713722333         3.220893142217
  67        14.761014771793         5.016540722346
  68         4.792122678772         9.762063547934
  69        14.069498103233         5.012059876100
  70        11.275695901250         4.574435991522
  71        10.798140986502         2.589079963638
  72         6.616976344601        11.919294959207
  73         9.476762772254         6.409610307312
  74         8.093435335565         2.034746710659
  75         9.191312163473        10.095725645642
  76        13.228254172987         4.738152010763
  77         8.033010507099        10.374291759038
  78         8.300368302139         3.208129668118
  79         9.150297917728         4.817962816431
  80         4.657416252344        10.555966427430
  81        11.838662371025         3.990275709148
  82         5.973031644678         9.713451255312
  83         9.648751097386         5.748771062535
  84         4.169974476545        10.043524212943
  85         6.612658367627         9.952545685805
  86         8.788750516823         6.685247323357
  87         7.656024009010        11.446185157204
  88        11.382187192574         6.341614159237
  89        14.036735294660         5.764940628232
  90         5.462135467685        10.759315846888
  91         7.291787814816        12.023784054559
  92        11.882456441094         7.439306141135
  93        13.431135772828         6.080436603726
  94         9.814982855436         3.713933463967
  95        10.481997313024         7.939654765354
  96         6.781546633484        10.614183989801
  97         6.104274953290        10.527054415399
  98         8.583283589333         8.582899670950
  99        13.157336196581         6.705994181764
 100         9.855046190372         8.210248152606
 101         8.539019672728         9.893728125957
 102        13.748718394161         4.296105083533
 103        10.497184043161         3.743766848990
 104        14.419222294321         4.425383895662
 105         6.590415624007         9.270054842074
 106         8.204991182679        11.040077371483
 107        10.807145490992         5.071174357714
 108         6.237362539354         2.726667749747
 109        13.476731322056         5.374192573767
 110         6.209208730362         3.408940315835
 111         8.192424983312         7.018354565020
 112         9.265563303157         8.554919615159
 113        11.923634055280         6.757695625152
 114         8.967614984876         1.816255748748
 115         9.910789655692         7.529674014474
 116         9.644055531770         3.052818994740
 117        10.942154498847         9.033733634965
 118         8.374874375263         7.932627350376
 119        12.528269538906         6.440356022614
 120        11.671694523737         8.088819732687
 121         4.375488654699        11.475795573400
 122         5.696511227667        11.450018769784
 123         6.106634276307        12.388695862289
 124         6.474071534645         8.477433195363
 125         5.032629489445        11.290176568904
 126         9.098174705098         9.406897674055
 127        10.010992594944         2.476932128189
 128        16.017190912665         3.754456093994
 129        12.025393205991         5.342511543909
 130         7.797987096381         8.297989580073
 131        13.927675212857         6.628183880452
 132         6.321312616339        11.174497960697
 133        10.583002450029         7.264313034288
 134        10.202270401337         6.196222464123
 135         7.247855336195         9.454612465160
 136        15.296187001851         6.058497759699
 137        15.839208313385         3.030402121984
 138         6.787624827116         3.860665949957
 139        12.486792095893         3.775295823720
 140         5.846578631328        13.020090788539
 141        16.344313750725         4.353855076484
 142        15.443817306914         5.024858740618
 143         5.985076612942         8.954059315049
 144         8.779218981488         3.694946387511
 145        10.034146209860         6.858055333999
 146         9.790384014818         5.055824708521
 147        14.556756880872         6.362041387320
 148        15.029740963625         4.119515548454
 149         7.270098079814        10.137103308869
 150        11.292573504404         7.018561630085
