 100         0.796985081587
   1         4.914710907513        14.444701353324
   2        13.183945560652        10.522713486134
   3        14.810102062313        15.056940670820
   4        11.443312813734        14.709261124537
   5         9.371121595903        16.406014429301
   6         7.738063798331        13.032822254363
   7        12.383064435569        16.934574499036
   8        21.374729557991        11.120080730769
   9        14.352651392635         9.103251672435
  10         6.771643473226        14.944349104562
  11        18.035112236068         6.188097641595
  12        16.498888748774        17.727249130474
  13        19.781772778132        11.176910112312
  14        10.639252927413         2.942418718295
  15         9.391394136250         4.085124298094
  16        14.773546862757        10.640648135414
  17         5.471534462246         9.252442396661
  18        13.861001218617        16.337545398903
  19        10.719919110813         4.967312231526
  20        19.246218083674        16.629526235716
  21         7.248987610514        17.663607315554
  22         8.824811434519        17.903440917868
  23        15.948802925259         9.563840785566
  24        11.359633260668         8.080375493979
  25         9.658497306174        10.636670487061
  26         7.967028588916         4.811934890028
  27        12.791762029202         8.780195522040
  28         3.616482070126        11.694038250251
  29        22.504039364672        14.970505766224
  30        12.290782648700        11.842941077876
  31        19.435990282509         9.620897468787
  32        20.002550302012         8.131014713201
  33        18.261335052273        10.698360216391
  34         6.033601852982         7.760858966331
  35        17.630773507064        16.195294068627
  36         6.225333311807        16.441775593118
  37        18.248156555495        12.292275900598
  38        21.764478791024        13.558489109430
  39        18.461420341857         7.724002026653
  40         5.791135658446         6.172658889776
  41        21.040352073197         9.465191740064
  42        11.359485123520        10.332437936554
  43        10.954959863876        16.226578585631
  44         3.922657816694         8.639269749007
  45         9.213908792730        12.430640857859
  46        13.909654107479         7.572077519541
  47         4.196850049224        10.209479767067
  48         4.890161379088         4.117816348334
  49         4.551384930821         7.174536634297
  50         8.308434985805        14.521250146534
  51         2.699912167974         9.661832196934
  52        13.969654477445        13.702544592052
  53        20.356186574558        14.305117474260
  54        10.696815547451        11.846065423061
  55        22.490237152761         8.432973301732
  56        18.092856945339        17.729753014918
  57        17.003741853240         8.368916210813
  58        10.823058359770         6.558595810440
  59        20.175969365948        12.721367923728
  60        15.020172595831         6.428622418463
  61         8.140414577507        10.150701647839
  62         7.044317300305         8.993415321515
  63         2.119544188950        11.146390680147
  64         9.103212517974         2.516600985082
  65        12.398595214477        13.433260961440
  66        22.148831761506        16.524393934586
  67         3.399857193169        13.948758710175
  68        10.450887778923        17.739453140267
  69         7.795297771903        16.166180826974
  70        11.909544395204         3.905279283594
  71         9.472695693363         9.053566371070
  72         4.303608716436         5.599942137628
  73        16.373152185546        14.744506368361
  74        10.495997680861        13.427334870641
  75         6.377688321104         4.690533100467
  76        15.839330345872        11.825910322689
  77        12.454362534798         6.921795027359
  78        20.699122440361        15.861759974334
  79        12.612809344354         5.335719527940
  80        16.567706952431         6.810562592173
  81         2.387305934328        12.717710039576
  82        19.616185410274         6.566430913979
  83         7.273352580578         6.758981221898
  84         6.173506951685        13.466860159529
  85         6.590126581054        10.521306571543
  86        18.856267878172        13.765687418246
  87        20.610830036721        17.453282934441
  88        14.189676787104        12.123832755028
  89         7.684485609466         3.243205994988
  90         8.284068028889         7.991537578317
  91         6.099010263642         3.078862424589
  92        13.014372077727        14.978544756195
  93         4.697273614913        12.865631403976
  94         9.859474545228        14.888696967863
  95        15.532704601160        13.390110288833
  96        15.877410268361        16.259425782948
  97        22.534239512612        10.026335995356
  98        21.365118269950         7.303881462846
  99        14.916977201361        17.531553608658
 100        15.463169880970         7.959796571359
