 100         0.021220950297
   1         0.624415889910         0.456023375778
   2         0.642022908187         0.494640830813
   3         0.495155746814         0.284393516297
   4         0.290824207272         0.539745196571
   5         0.376652761056         0.635394856864
   6         0.517224951527         0.247069120674
   7         0.443388183744         0.586775394758
   8         0.274144802584         0.578832878053
   9         0.593907585681         0.391984343211
  10         0.405707061758         0.214438667927
  11         0.329602312140         0.464192076337
  12         0.407272121748         0.560794743728
  13         0.627092058409         0.534369720187
  14         0.451808462910         0.211475006425
  15         0.385876455831         0.752866959646
  16         0.274002661236         0.698309180645
  17         0.517958794310         0.365020637427
  18         0.351396824241         0.885468943993
  19         0.336980940795         0.805770760933
  20         0.483238401602         0.438119837060
  21         0.344943240852         0.764082432776
  22         0.331687014520         0.847881202284
  23         0.495172211205         0.208711150524
  24         0.333253483525         0.537311760629
  25         0.490653101413         0.479909036056
  26         0.431042001716         0.248489449761
  27         0.411923816601         0.511021220950
  28         0.588117392795         0.434029421310
  29         0.440283357535         0.629103576696
  30         0.231289059002         0.657478138493
  31         0.299457894457         0.616857923563
  32         0.302529038603         0.729734659486
  33         0.409366121710         0.284978779050
  34         0.292450018883         0.770962420613
  35         0.377914155772         0.794555287794
  36         0.492203848946         0.820551704108
  37         0.491905804731         0.651257521672
  38         0.375445851760         0.532716220537
  39         0.309975331532         0.501823134763
  40         0.372620229496         0.836665729143
  41         0.313977430266         0.332803998993
  42         0.574596668156         0.354190118913
  43         0.545685610724         0.433102708701
  44         0.267550810773         0.503037615890
  45         0.461819023925         0.850184073816
  46         0.444281937934         0.540020037185
  47         0.356225885788         0.328756415514
  48         0.401716356381         0.669645858534
  49         0.452435920761         0.498368776819
  50         0.500021220950         0.326555609312
  51         0.353666518650         0.722460143943
  52         0.361012178457         0.286585260341
  53         0.286913895588         0.657878808972
  54         0.231717251475         0.579936432734
  55         0.384031181754         0.250927997217
  56         0.361978779050         0.436749785682
  57         0.335254456149         0.403778199558
  58         0.304780534818         0.374237464213
  59         0.481747573738         0.568613012608
  60         0.453546414770         0.669419903896
  61         0.475900775670         0.385021220950
  62         0.287177791381         0.465406557465
  63         0.484429978924         0.526255963272
  64         0.214238133771         0.618611946568
  65         0.328460140920         0.649205607438
  66         0.474783150038         0.247160839431
  67         0.512168601424         0.407065715526
  68         0.452717881722         0.284978779050
  69         0.457372701278         0.754076204682
  70         0.298165716010         0.424411674385
  71         0.256665684880         0.617508391889
  72         0.495732091237         0.735913822449
  73         0.542463022440         0.326463890555
  74         0.404222616449         0.603126947114
  75         0.478642747494         0.610941194473
  76         0.592003322360         0.510467409383
  77         0.359957284468         0.680086320577
  78         0.537597548303         0.284301797540
  79         0.551475803610         0.391057630602
  80         0.445021220950         0.414137677230
  81         0.316511780913         0.576312149340
  82         0.343121343781         0.609376421447
  83         0.248369282317         0.540897672574
  84         0.491375528831         0.693696109460
  85         0.453016138874         0.711858491689
  86         0.279579637685         0.811405815795
  87         0.361006027651         0.492748906805
  88         0.250989820642         0.780038041130
  89         0.496669334326         0.778345373227
  90         0.357861545474         0.217514451117
  91         0.457222592615         0.796517839827
  92         0.261068840359         0.738810279999
  93         0.396423453251         0.711756428496
  94         0.330298989949         0.249788596480
  95         0.445021220950         0.456579577824
  96         0.361978779050         0.370806613434
  97         0.367042272369         0.574317840451
  98         0.318763722933         0.290632843821
  99         0.571309873639         0.473394958430
 100         0.318788842224         0.690530913336