 150         0.426298145195
   1         8.693547424151         4.580472763100
   2        14.112377432715         5.005009828839
   3        15.769056189063         7.019236555868
   4         6.985316136681         4.139425478446
   5         8.319511030002         8.846011549675
   6         9.131812196779         8.586999486515
   7         7.232425852592         3.323424729211
   8         8.196404213095        11.220023405670
   9        17.301465082817         3.290147417310
  10         9.900410836823         5.843314727197
  11        14.864964328953         7.170207161009
  12         7.841698616455         9.552138827066
  13         9.341534919619         5.199437298170
  14         9.086554338686         6.097397459563
  15        17.049847161903        11.036621940539
  16        12.230533430735         8.135425164711
  17        12.356805228459         5.665841303961
  18         7.117903701855        10.537802195303
  19        14.524400073702         4.258579806864
  20        18.673132949955        11.096303436617
  21        17.871019080982        10.807281334062
  22        17.998591525187         7.494780209593
  23        14.583532583761         8.758993298145
  24        16.199934334038         4.689088887538
  25         7.901383245266        12.019950316723
  26         8.940403529622        11.636419192650
  27        18.087353086029         3.620753649552
  28        17.463796100601         6.830766438425
  29         5.683026789430        11.662273408659
  30        11.474719243126         8.557573610881
  31         5.013525267981        10.762607608640
  32        11.735092048430        10.457265220901
  33        11.186896788681         6.900943945288
  34        15.819643793850        11.136526601206
  35        17.200603613440        11.875783979032
  36         7.693453333096         4.614254021714
  37        12.892374913780        10.462649248008
  38         6.193783298145         6.647035626161
  39         8.831672312656        10.651380392797
  40         6.223362906573        12.321786346304
  41        18.747556071553         6.057902226400
  42        17.895798894195         6.095719487058
  43        15.198596743478         6.385599076429
  44        18.039999174880         2.715452461979
  45        16.387127973432        10.500223104149
  46         7.354852354744        11.356811212557
  47         9.881896558165         6.695709976668
  48         7.665489881499         5.466391616133
  49        16.616656566295         6.927073467253
  50        17.590545385386         9.426093118303
  51        18.190826472033        12.482112095478
  52        14.306131775141        10.586210955197
  53        17.347986817977         4.559073188592
  54        16.009830818216         8.847689298145
  55        12.316646574375         9.833795279553
  56        13.835003997430         5.811225936211
  57         8.135949775524         6.177438677158
  58        15.703290239953        12.394636051613
  59         9.518577697479         4.365425134441
  60         7.047707477033         6.959187837627
  61        13.400219156617         6.544630720002
  62         9.068040058965         6.949792705852
  63         7.899483115583         6.996586986798
  64         8.659762111050         9.813132642404
  65        11.470184048661         9.410157839230
  66         8.995225124017         3.692355659351
  67        12.958844813703         8.578689154985
  68        10.659911790169         6.230714696612
  69         5.903170270377        10.838588224696
  70        12.210811246510         8.987793318688
  71         8.516504646400         5.414484927118
  72        15.014145053054        10.111197657769
  73        10.199544065347         5.035384302711
  74        18.021775532538        11.646443372654
  75        16.351101306414        11.803214944274
  76        18.201113927842        10.021178397636
  77        10.963040670673        10.095523455942
  78        11.729646506456         6.243415863531
  79         9.984304015213         8.573652801117
  80         9.716393201048         7.764242997558
  81        12.211372836637         7.283044201719
  82        11.543031626299         5.411493198284
  83         6.989210896217         9.538532898674
  84         5.236932799877        12.388988809400
  85        14.959820670836        11.977295142710
  86         8.021578968043        10.385543586800
  87        13.064680141571         9.424691115848
  88        10.450642522714         7.330885906831
  89         6.308874045929         5.802243015977
  90         5.520158585076        10.076864860651
  91        15.361184529705         4.422018506629
  92         7.059831386899        12.156738123558
  93        15.035617680280         3.576247781269
  94        11.470505715247         7.704987732160
  95        12.310820387815        11.086119189354
  96         9.688960155943        11.228272881140
  97        13.595814876158         8.011953260638
  98        14.218500312334        11.535674013991
  99         6.371336211657        10.126028693233
 100        16.847075803826         9.008752231561
 101        13.917505162269         7.222373755947
 102        15.417194239356         5.272773081588
 103         6.671815718958         8.747217073041
 104        12.325721736669        11.938585249803
 105         7.104570776563         6.108489889110
 106        18.195537954584         4.466458366712
 107        16.951308240443         6.142899576219
 108         6.869793150866         5.160144742995
 109        10.734251449288         8.134929693710
 110        14.348421758889         9.578531786846
 111         7.508465957841         8.583092692736
 112        18.842183889449        11.931972159440
 113         6.506430823887        11.441080663644
 114         7.161928002263         7.804098546556
 115         6.373103601785         7.480561068574
 116        15.920029910289         3.778114573585
 117        13.744421669480         8.910034047955
 118        17.130163686061         7.615374522983
 119        16.283024151756         7.711681551814
 120         8.863901382628         7.777589682949
 121        17.369654552936        12.711452701855
 122        10.222572876798         9.672879538766
 123        11.207088649343        11.126692472373
 124        17.172927780847        10.169407298732
 125        13.061526863378         7.347531140431
 126        17.388157564435         5.410722615018
 127        15.267811079610         9.267602553431
 128        14.680589686632         5.702114632451
 129        16.756041924429         3.945459566354
 130         9.418259345231         9.390036512779
 131        13.640408480979        10.053545084280
 132         4.833019744651        11.595877187143
 133        14.352290002921         6.488968972257
 134        16.288968719073         9.653296191581
 135        14.967129114320        11.124730176800
 136        10.729716254832         8.987513922071
 137         9.572085735560        10.228641232566
 138        15.435423774526         7.803844640442
 139         6.053941034397         9.334712867601
 140        12.543420108629         6.497763969196
 141        16.520152245912        12.638883667094
 142        13.558098207953        10.995315118923
 143        14.442378426553         7.910708065459
 144        16.080930787668         6.212154311398
 145         8.170194850702         3.907403287939
 146        10.314117704288        10.648532875486
 147         8.013703640705         7.841497695744
 148        11.473127487689        11.936719491018
 149        18.608574326403         6.899094540274
 150        18.596764990594         5.218746409937
