 100         0.099928716845
   1         0.346263158140         1.199244530862
   2         1.453938873439         0.999387358370
   3         0.519344772851         1.099315814017
   4         1.826848094105         0.699960777315
   5         1.653796297258         0.200060365718
   6         0.173181543428         0.899458380326
   7         1.054225322042         0.399814796100
   8         0.873325855104         0.684633259415
   9         1.999900071283         0.200060322808
  10         1.453938873129         0.599672230424
  11         0.873325854799         1.084348126797
  12         0.000099928717         1.598959398244
  13         1.999900071256         0.000099928744
  14         0.873325854805         0.484775825725
  15         0.000099928717         1.199244530862
  16         1.653796200572         0.400020533566
  17         0.873325869351         0.284918392034
  18         1.054225322343         0.599672229792
  19         1.999900071283         0.599980744324
  20         0.000099928717         1.399101964553
  21         1.453938872771         0.799529664124
  22         0.173181543428         1.299173247708
  23         1.254082097404         0.800042637584
  24         0.888566979256         1.815283189749
  25         1.653795884385         0.799940407804
  26         1.453938872799         0.000099928718
  27         1.653796306492         0.000099928717
  28         0.800913889507         1.999900071283
  29         0.010244124428         1.999900071283
  30         0.000099928717         0.399814796099
  31         0.692426387579         1.199244530885
  32         0.519344772856         0.499743512943
  33         0.346691079776         1.399844027481
  34         0.692426387588         0.000099928717
  35         0.345832808311         1.599701106727
  36         1.999900071223         0.799940811265
  37         1.054225322063         0.000099928717
  38         0.656899924739         1.444161433401
  39         1.453938872775         0.399814796309
  40         0.999900071283         1.239015387466
  41         1.254082097408         0.400327769826
  42         0.346263158140         0.799529663480
  43         0.999900071283         1.449450045721
  44         0.346263158140         0.999387097171
  45         1.254082111958         0.200470335495
  46         0.715485364549         1.715354472893
  47         1.826848052189         0.500000783885
  48         0.346263158143         0.399814796099
  49         1.254082097403         0.999900071282
  50         0.346263158144         0.199957362408
  51         0.173181543428         0.699600946635
  52         0.205721573271         1.958288044230
  53         0.692426387565         0.799529663481
  54         1.653795649476         0.999900070851
  55         0.873325854825         0.085060958343
  56         1.826848210601         0.300040557437
  57         0.519344772872         0.100028645558
  58         0.873325854802         0.884490693106
  59         0.519344772851         1.299173247708
  60         1.826848175617         0.100080148733
  61         1.054225322040         0.799529663483
  62         0.172751193600         1.699629823573
  63         0.519344772854         0.699600946635
  64         1.453938887913         0.199957362608
  65         1.999900071067         0.400020795563
  66         0.000099928717         0.599672229790
  67         1.054225336589         0.199957362409
  68         0.173181543428         1.499030681399
  69         0.826818456558         1.549378762545
  70         0.000099928717         0.799529663481
  71         0.539354803918         1.809805621195
  72         0.692426402114         0.199957362408
  73         1.826847860696         0.899920442294
  74         0.545422623833         1.610040320497
  75         0.692426387569         0.399814796099
  76         1.653796069916         0.599980810415
  77         1.254082097431         0.000612901770
  78         0.000099928717         0.000099928717
  79         0.829981539472         1.344232716593
  80         0.173181543428         1.099315814017
  81         0.000099928717         0.199957362408
  82         0.692426387868         0.599672229790
  83         0.999900071283         1.649307479412
  84         0.601056455816         1.999900071283
  85         1.054225322038         0.999387097176
  86         0.000099928717         0.999387097171
  87         1.254082097709         0.600185203534
  88         0.519344772851         0.899458380326
  89         0.339497370227         1.809805621194
  90         0.401199022125         1.999900071283
  91         0.346263158157         0.000099928717
  92         0.173181543437         0.100028645551
  93         0.173181543430         0.499743512944
  94         0.000099928717         1.800300248901
  95         0.173181543430         0.299886079252
  96         0.346263158142         0.599672229790
  97         0.999900071283         1.981258900084
  98         1.999900071283         0.999900071283
  99         0.692426387562         0.999387097171
 100         0.519344772858         0.299886079251
