 150         0.630238758505
   1         8.056272203358         9.284340213442
   2         7.924695670005         4.824498761735
   3        11.989417877389         8.589108894441
   4        18.552407095519         8.018619362822
   5        18.371214084364        12.738137874735
   6        13.970417729182        13.699112268814
   7        11.935198128619        14.462026772313
   8        19.600932876791        12.461379382581
   9        15.769255996100        11.024850727448
  10        16.011707693874        16.491486826064
  11        10.033348766494        15.984409646612
  12         4.084263212078         9.557046999667
  13        21.123231350968        14.598526492451
  14         4.847183209499         7.156484899200
  15        10.781647244674        14.970085754293
  16         7.729882443324        16.558254923801
  17         3.507493547134        10.677823660998
  18        18.924080465025        10.011120093966
  19         2.707256926932        13.209668841740
  20        22.342120136811        14.277413269829
  21         9.993752897204        10.992456215558
  22        20.284129773836        13.520645907733
  23        12.375494078190        15.643103843330
  24         6.757180101416         5.657163905108
  25        21.936840843254         7.743963863498
  26        22.508549438949        10.066032755745
  27         4.508517788943         4.777601691104
  28        12.817838761241         6.320146507686
  29        16.900578652352        15.597779944552
  30         9.233262508513         8.833233360803
  31         7.951061594489        12.888071119934
  32        20.553645846772        11.636066370288
  33         8.984171782593        16.683001965031
  34         7.030448554311         8.033597509360
  35        13.242459431042        14.728131358569
  36         4.302439261604        13.009880346314
  37        12.145544723190        12.288972464858
  38        14.238071420433        17.260083082684
  39        18.717773954574        16.552699203541
  40         6.018999415255        15.762569476546
  41         6.160877698764         4.538096262148
  42         8.290385924810         7.996700445236
  43         5.531598044893        13.395749391540
  44        11.266990170690        16.243122724658
  45        14.513640153611        11.135451030273
  46        22.001772287305        16.681186053083
  47         7.437772244785        17.784417720011
  48        11.309049708195         3.268517349588
  49        15.682170309713        15.274848554707
  50        12.064699747343         7.330881486140
  51        13.477544178301        16.254895595264
  52        19.497378095549        17.687699574038
  53        14.497595252812        14.844052192771
  54        21.613077422802        10.953125445220
  55         7.245994913209         3.762345828471
  56        12.269475444998        11.025231748267
  57         2.247632296512        10.638413000580
  58        12.555639362721         5.087241383056
  59         7.805413512038        14.234903548041
  60        18.921734906500        13.872038399047
  61         9.511215319304        14.837160661334
  62        14.485996623257         8.627932784140
  63        17.612070068181         7.179232773679
  64        15.185354856605        13.363357377113
  65        10.162700848628         2.744410620842
  66        14.728325699043        16.098853427017
  67        18.136531649879        11.499700258867
  68        21.316263723339         9.657060453750
  69         6.257003080800        14.524765846689
  70        19.802023857758         7.853508736484
  71        20.869824271692         7.072935393680
  72        16.702655741707        17.723777215767
  73        13.235005112257         8.782282420773
  74         3.615870769367        14.083296025566
  75         6.521939213355        16.918361469246
  76        11.528409595077         5.817722440592
  77        16.337520524728         7.357959462361
  78        19.364887177750        11.216952545336
  79         6.795854586858         9.272051885357
  80        21.527770300506        13.315312486073
  81        10.379500692517        12.568083121472
  82        13.419596166398        10.509454764356
  83         9.126335240463        12.432510555378
  84        15.927654052367        12.344634904016
  85        11.123808391548        11.550827194942
  86        17.125306017971         8.341929780823
  87        14.385255763973        12.389373284398
  88         5.188912887188         3.716533323275
  89         3.327096975285        12.112125272945
  90        15.573977405034         6.355060925472
  91        10.111407414812         9.737481719638
  92        12.314323683505        16.977183490098
  93        11.428334396517         4.523337947974
  94         8.457630186287        15.529086913460
  95        14.629041302790         9.880267320345
  96        10.400974147341         5.254079927834
  97        20.903673097281         8.466022021651
  98        14.178461961327         6.610230203386
  99        13.310286984456         7.524055012076
 100        15.827175614506         8.510500847134
 101        19.822536763261         9.114055820179
 102        16.191929354697        14.122047927128
 103        21.048279902648        15.856773628125
 104         8.505196714520         3.705650198151
 105         4.416967253615         8.341270872374
 106         6.278981230733        10.421680305727
 107         8.938404023017        13.679097476700
 108         7.306059817497         6.802690374747
 109         5.018641225693        10.403061951458
 110        19.977887345301        16.522403716795
 111        20.235127391184        10.305094252707
 112        13.291211776762        11.763377018480
 113        11.413064681298        13.314777787094
 114         5.535514581975         9.253433531276
 115         6.792015710696        13.383466124113
 116         7.627175348270         2.560878828879
 117         6.046890268004         6.737765350652
 118         8.923011234193         2.516434238759
 119        18.237607644668        17.729913139390
 120         5.490946853550         5.606173852447
 121        11.241462909147        10.295852699033
 122         9.949846692108        17.826822834662
 123         2.086603850332        11.888562355860
 124         4.300396963571         6.020778787486
 125        20.931379748373        17.346816120425
 126         4.824962812150        14.439526292401
 127        10.281985536976         3.999231219194
 128        15.063632494785         7.507602310197
 129        22.508171140442        15.526905421923
 130         6.233668986035         3.011346635337
 131         9.249798625378         4.722690789902
 132         7.539398847265        10.433968633747
 133         2.824401961450         9.517636339240
 134        18.485278589209         6.270216574812
 135        15.446608172348        17.618192689037
 136         4.441871560750        11.523838612783
 137         5.770108549465         8.014979155309
 138        19.702672118579         6.596952807351
 139        17.468839575427        16.722894651744
 140        10.259513797358        13.822836768961
 141        16.824284575196         6.195262455004
 142        15.884657145294         9.769667017510
 143        10.880536307498         6.898954966106
 144         8.862193870198        10.293002995171
 145         7.209970636380        15.349784882174
 146        12.667678170646        13.436221450160
 147        19.867724388456        14.710356010388
 148         8.692061584055        17.909164761241
 149        11.167119604558        17.499637523981
 150        22.609990135872         8.809643740978
