 150         0.141487406102
   1         3.478639855532        -0.273277090214
   2         0.001996252699         0.280293120014
   3         0.269754054025        -0.166381985829
   4         2.444637881793        -2.393228564806
   5         0.749781054605        -2.465245143012
   6        -0.472360608354        -0.616334887668
   7         1.792559551769        -2.299804727186
   8         1.058142342883        -2.002621361266
   9        -0.254319432891         0.160388934668
  10         3.418507702097         0.550334301939
  11         0.555428283640         1.851456801766
  12         3.017994640442        -1.289691332198
  13         1.637463847686         2.587064213771
  14         0.030567487913        -2.025886728635
  15         3.525811650202        -1.508046411196
  16         3.775668178286        -0.171848840594
  17        -0.492809336926         0.954324915324
  18         3.818133369880        -0.947054979137
  19         0.586477662452         2.397703525712
  20         0.203858817816        -1.044263933148
  21         2.419068481193         2.318846004436
  22         0.107933928663         1.309010523709
  23         0.489218417773        -2.354873694573
  24         0.947975406204        -2.263270532387
  25         3.999786442553         0.000910379031
  26        -0.327893146304         1.551692603687
  27         1.568546770743         1.944279897312
  28         1.354489513916         2.586543858494
  29         3.970163492255        -0.377387929790
  30         0.606627400793        -1.811342397640
  31         3.320424261476        -0.815200329557
  32        -0.154370266566        -0.514134819116
  33         0.498700011559         2.128687116647
  34         3.040476122908         1.673928000584
  35         3.697310407648         0.453397925287
  36         0.812476074590         1.733130230318
  37         3.970102277489         0.378165907167
  38         2.825848021001        -1.857311127345
  39         2.180051821108        -2.493572776574
  40         2.937421677495         2.117579852520
  41         3.236332286333         1.469685234050
  42        -0.096091318755         1.041826667781
  43         1.623376870066        -2.588178131628
  44         0.222325442609         2.189447646433
  45         3.153075326502        -1.933318304197
  46         1.043233098507        -2.545866341144
  47        -0.497288863261        -0.898209552103
  48         3.413605622368        -1.248260903133
  49         1.831625240651        -1.932359965731
  50        -0.148723680285         0.520411218787
  51         2.697884338857        -2.266970985512
  52        -0.383262772209        -0.347752833284
  53         2.367024143197        -1.827660258492
  54         0.278765506205         1.911820022757
  55        -0.175004056974         1.313575677144
  56         0.002129817004         1.573133201102
  57         1.577347781748        -2.056528070481
  58         0.269754054018         0.166381985837
  59         3.551060515675         0.000273622318
  60         3.418646442189        -0.549819193154
  61         1.242941375717         2.326482794112
  62         0.887497007514        -1.776889409917
  63        -0.228702196565         0.791848469873
  64         3.478597675967         0.273813164623
  65         2.193905900182         2.490241910031
  66         1.505141438046         2.220059715517
  67         3.194490837545         1.069200284997
  68         3.909989566996         0.654682102678
  69         2.585795355268        -2.007142572701
  70         0.134069228400         0.530555928742
  71         2.290019413424         2.067010577121
  72         2.113777686139        -1.953917837792
  73         1.036341012613         2.133115179688
  74        -0.484792509261         0.671463686421
  75         3.775178779941         0.173032841946
  76         3.910170078914        -0.653930032731
  77         3.017641284251         1.290105196321
  78        -0.177982979937         1.791696116916
  79         1.904917262557        -2.559721994516
  80         3.637198704146         0.729914339709
  81         2.073067241833         1.885333667238
  82         1.771882364740         2.314526759346
  83         3.413181839709         1.248780322802
  84         0.054090712124         0.801993179828
  85         3.348854836100        -1.729002059211
  86         3.152559999405         1.933758616564
  87        -0.158078921446        -1.814966657093
  88         3.695591902156         1.230911328126
  89         0.279660526403         1.628730554599
  90         2.697312897053         2.267321356108
  91         3.320220865673         0.815691499182
  92         0.247856333696        -2.207160835561
  93         0.352908877053        -1.325225140322
  94         0.203139786565         1.042532402723
  95         0.498646559658         0.000000000000
  96         0.071614060441        -1.294436010906
  97         3.236765852511        -1.469173646405
  98         3.539195473544        -0.994682643765
  99         2.568257024883         2.015449196875
 100         3.637417654258        -0.729301507361
 101         0.496460464100        -2.071991568754
 102         2.346599762087         1.789750034512
 103        -0.012759182695        -1.572015755230
 104         1.069245365141         1.852059939696
 105         0.043504880351        -0.811108707852
 106         2.937937004590        -2.117139540153
 107         2.045873709183         2.242854855493
 108         1.329036375981        -1.920821806406
 109         1.835287697436         2.038746941142
 110        -0.459618280773        -1.178665736840
 111         3.696005762417        -1.230235775026
 112         2.332548898208        -2.133400151998
 113         0.268062863956        -1.607710034567
 114         2.825337800999         1.857749236584
 115         0.040861548384        -0.000000000012
 116        -0.210730484970        -1.313311974972
 117         1.296194166599         2.021083564926
 118         0.385127933732         1.365915953120
 119         0.133128795408        -0.542701744095
 120         2.607076808932        -1.677828813138
 121         3.817861359694         0.947711835638
 122         0.769556860247         2.037200664668
 123         1.223506940597        -2.327746247954
 124        -0.238207155466        -0.784405277002
 125         0.777330070823        -2.037538581038
 126         0.541849420267        -1.535881769633
 127         2.606646799034         1.678169198710
 128         1.506468525987        -2.330482218918
 129         3.348416162629         1.729515850060
 130        -0.215454137206        -0.119904185359
 131         0.279096136799        -1.890529871938
 132        -0.122308451878        -1.044294390115
 133         0.013438368434        -0.286286171179
 134         2.821785120923         1.494347962728
 135         3.525405893061         1.508709215097
 136         0.007030073784         2.005810372152
 137        -0.312028836541        -1.577534207783
 138         1.918771341632         2.556391127972
 139         2.067837195112        -2.233694939548
 140         3.538911867601         0.995271537099
 141         3.040986342913        -1.673489891390
 142         3.697411067600        -0.452759404421
 143        -0.404813992981         0.400026435336
 144         1.340415284665        -2.585442160671
 145         2.822215130844        -1.494007577183
 146         0.866895593462         2.359749233332
 147         3.194834410299        -1.068778588926
 148        -0.446403414843         1.233468668144
 149         1.073495956518         2.553116847807
 150         0.581478362295         1.569683599093
