 100         1.129262704869
   1        18.683325615403        10.862204485421
   2        26.868001956775        27.592727259783
   3        18.513144802178        14.794016437433
   4        15.166776061226        24.691405728859
   5        10.922831374912        23.091854764989
   6        24.543761132692        16.785257269618
   7        25.182368337808        19.880490774829
   8        16.243674684842         3.570637774613
   9         8.955125346149        15.013992389654
  10        22.283949917412         9.169462830083
  11        25.957029820317        15.023551095348
  12         9.130364211970        26.641795748122
  13        13.860166225949        14.735103526588
  14        15.233055124759        12.941751051997
  15        12.728857292878         4.918590037286
  16        10.512072168164         5.350794545928
  17        17.596377095368        16.858108004887
  18        31.177927915223         9.716378732716
  19        13.931001236352        11.096326250416
  20         6.417317637741        15.634033011118
  21        10.357841435348        16.784112329132
  22        16.526055632433        18.846913930893
  23        22.371739971287        20.747917442837
  24        25.569920664833        10.945111322170
  25        14.004886532067        18.889875341071
  26        11.200237063343        10.940137227945
  27        13.433559266688         7.098875142927
  28        15.258693995946        16.977493830648
  29        27.440612765873        19.844865929493
  30        31.580664955545        11.938706319469
  31        28.789039030055        23.318702903383
  32        11.607895680671        14.903075006061
  33        21.244942462424         7.164119833253
  34        26.730600052648        25.263629774607
  35        16.260234564322        14.953178263144
  36        13.005283099742        16.825584779195
  37        12.284996985994        28.201784225798
  38        16.419875988171        22.812358167087
  39        29.044482307388         8.975199358405
  40        18.303151023160         4.497726895677
  41        26.583324461570        17.755369868269
  42        16.793084123119         6.691507169995
  43         7.224877659352        25.427416698726
  44        26.252702995175        23.056244119820
  45        21.039779290604        18.923960817333
  46         9.113823562696        21.549888366596
  47        22.097853464330        16.736156460219
  48        12.668254430918         9.223785855126
  49        22.420659763736        23.230454653865
  50        14.039285837130         3.079102593225
  51        18.781592415169        18.963064041893
  52        28.978130901233        25.649073192270
  53        24.530772337779         8.939841320167
  54        24.643643880993        13.004953147707
  55        17.539337891745         8.823183186619
  56        27.996593165872        15.993663659070
  57         5.413763758482        13.610714786403
  58        23.491669815711         6.933569998213
  59        13.310382890446        21.815277468807
  60        25.747812937674         7.037277469810
  61        24.868738315564        26.542069408921
  62        19.796651791041         8.897149307233
  63        13.434790275914        26.257841732527
  64        24.282521500815        21.952015019559
  65        24.390841258094        24.334683754133
  66        26.901931585795        12.972186261813
  67        23.358913596798        14.862479762147
  68        15.297698295727        20.742191029356
  69        11.210680191209         7.498557069253
  70        11.264169148510        20.859272056209
  71        15.293397249216         8.380257094253
  72        17.485965362611        12.782589226232
  73        26.786961264711         9.042547471800
  74        16.426011715644        10.788238381234
  75        12.462983868705        12.812677623325
  76        17.553235078477        20.858341140369
  77        14.933246140589         5.410125218668
  78         8.772485788969        23.782471075270
  79        11.652901338666        18.634451993578
  80        18.076295584404         2.250623507673
  81        20.768681584682        14.910166553088
  82        19.741502145109        12.898739341997
  83        11.113911488517        25.559568137047
  84         9.742662823266         9.214908441977
  85         8.881648969935        11.302872084234
  86         9.372649343816        19.094796803781
  87        21.997038928098        13.014889458978
  88         8.123514555634        17.113840128419
  89         7.631594724889        13.183909407486
  90        23.313470066151        11.179692988501
  91        27.956228409060        10.974839212614
  92         5.946956429814        11.339329708878
  93        19.050742562865         6.628934045680
  94        10.079360992973        28.692383914614
  95        19.851913877878        16.974258120468
  96        29.158833282199        12.886560569288
  97        10.205179596821        13.132955062339
  98        20.938588453022        10.983557523482
  99        12.969045117029        24.047860177481
 100        23.282701000233        18.658933967692
