 100         1.167155577645
   1        24.273850709057         8.942246306538
   2        26.442899775817        12.702474503970
   3        19.621512944652        12.467835640149
   4        23.833955697396        20.186562356897
   5        15.445532390886        22.769464845010
   6        11.797780775940         3.570601648915
   7         3.489312817613        11.764513783160
   8        25.997612586409        14.998735324085
   9        15.676969467733         6.334245117049
  10         8.137038065130        11.378954156989
  11        28.476924983318        19.298787006120
  12        14.918894878173        20.490539914061
  13        20.772330180473        16.943848314369
  14        11.743329732576        27.911533138763
  15         6.102609410521        16.559514562666
  16        28.583708246687        21.630654477567
  17        25.483401924080         6.811806492512
  18        24.018162868634        13.752815464982
  19        17.675202044567        10.798638549589
  20        23.144563190111         6.805919134603
  21        17.021576773553        29.557423571467
  22         8.921818807341         6.886464518612
  23        19.564336874367        18.946808939306
  24        12.614172377655         9.280137439812
  25        26.353869559236        10.079037566409
  26        12.649598960228        19.923940426574
  27         8.223164976039        23.265678096597
  28        13.125232230414        25.241947243306
  29         7.159963267710        19.009184253383
  30        21.496679107661        20.264398646934
  31        11.113286643400        21.687605021947
  32        14.822731363319         8.511531057772
  33        25.324660007409        24.732636844422
  34        17.973339940121        25.338503132767
  35        10.609955540744        15.742692876691
  36        24.463442713174        11.456522626992
  37        20.665063692862        14.607278347609
  38        17.161316059149         8.516970798858
  39         3.634686098283        21.762204450948
  40         6.148145248134        21.870820175987
  41         9.474675337079        13.297467061762
  42        12.798184026566        11.611630256303
  43         8.478973186289        20.940771797090
  44         5.798154409609        11.393544940314
  45        14.289147144159        27.270527732284
  46         3.347085211424        18.168302468643
  47        19.921967168822        10.148205457889
  48        10.314097808005        19.490538694085
  49        11.775881765789        13.715159174135
  50         8.308735652614        15.324998530468
  51        25.983972051857        19.266661914052
  52        22.785933006955        15.741120032321
  53         4.607943346375        13.818725822811
  54        20.154597813381         5.215870356769
  55        11.849197070484        17.726194771351
  56        24.931523493255        17.080731140588
  57         3.419367561442         8.455608924943
  58        17.823209946762         5.404379674094
  59         8.016897237302         9.043196440711
  60        27.259622304771        17.307008213549
  61         4.806059279237        23.786662396828
  62         6.917032123755        13.446423576488
  63        15.944689150634         4.010712556731
  64        17.771803022794        23.008182300512
  65        11.799497877344         6.857904762548
  66        10.499756471541        11.174899041553
  67         8.995475211395        17.559827187259
  68        15.464868027165        25.175911913638
  69        13.600665075180         5.181193701351
  70         6.583155017594         6.902521876475
  71        20.181456939558        26.318981496530
  72        19.890411502041        23.998503062716
  73        13.110854222932        22.903291611335
  74         5.678400966111         9.058590492445
  75        21.757001669614        22.588920697598
  76        27.383679518515        23.632888135580
  77        24.094738639418        22.510842788195
  78        14.699154476996         2.030957464410
  79        28.692411650874        10.029462665018
  80        22.816772675570        18.080255473018
  81         7.616905992292        25.524679582237
  82        16.628043080713        27.251813632756
  83        27.480428485022         8.029139412186
  84        26.244949535531        21.590665406708
  85        10.464696879158        23.934053850763
  86        21.327987066033         8.279010956882
  87        19.029889237312         3.165210392757
  88        19.184327150455         7.343776846312
  89         4.976238517860        19.846469703486
  90        14.682903113546        29.575948222375
  91        19.025790282957        28.352230106852
  92        21.952989318850        12.654810639835
  93        10.336903763634         8.748636062780
  94        15.326884931945        10.798315332811
  95        17.036369034810         1.942138457008
  96        17.257880740719        20.489531438329
  97        28.708749465448        13.282659184761
  98        22.995662099318        24.575228732107
  99        19.429521259053        21.358323477300
 100        22.398200896259        10.358634818143
