 150         0.458198652551
   1        13.233320636270        10.635156604583
   2         7.289771522879         3.659972013489
   3        12.243337222261         5.284710417518
   4        10.851047745758         5.683681301290
   5         4.516164375663         8.209565749712
   6         3.909117034428         7.523069175578
   7         5.640518502042         5.954312816071
   8        15.542244260061         6.225820471252
   9        10.416278877462        11.600070935525
  10         8.058365568918        11.188936659648
  11         9.596985976780        12.172422823036
  12        16.057481359566        10.731933004552
  13        15.424834817724        13.118031076444
  14         5.515833892984         7.058206979974
  15        15.947683035093         8.831701750605
  16        14.753992876855         4.670624330504
  17        12.711400021175        12.845765083573
  18         7.536409050755         4.599243271546
  19        10.208139796709         9.288480234381
  20        13.320046053630         3.325004421312
  21         4.882326867413         5.119638376305
  22        15.076617215477         3.812896193544
  23        14.498275740083         7.708070268241
  24         6.374140242854         3.697433725104
  25         6.519910673746         5.502472667660
  26        14.444701298174         6.793240338663
  27         7.252826719241        10.720691712620
  28        13.495059612388         7.001625425588
  29        16.443592801347         6.060427521180
  30        11.367364986151         4.926581223305
  31        12.404709519262         3.430230360826
  32        10.689507625383         4.309901874451
  33        10.073157110727        10.194881743254
  34         6.823375270979         9.120686355439
  35        13.339411015103         9.724921001933
  36        14.233720953643         9.524936615854
  37         5.784369277007         4.955880612756
  38        15.215525295279         8.278453557265
  39         9.048033756643         6.273107365718
  40         6.361030683460         6.704051072768
  41        12.498078663332        10.088161828348
  42        13.594324414389        13.091180113074
  43        14.148128031427        10.689114463844
  44        15.685821156167         9.894285874757
  45        12.102338132989         4.379225311277
  46        13.900938821545         4.335836637296
  47        10.643598544935         6.576289193867
  48         7.640900724381         9.880600656156
  49         5.836081387594         9.557320284280
  50         6.062978185504        12.048215097128
  51        11.777005605318         9.519583294787
  52         9.606290610015         7.832949595963
  53         3.661951161721         5.727129391373
  54        12.028601595724         7.668551200859
  55         6.659490774318        10.022310386046
  56         4.813117851556         9.683383994118
  57        13.656960453672        11.462767119370
  58         8.129779372933         6.248982492921
  59         8.164793656165         3.932222425900
  60        11.991138712680        12.182998964066
  61         9.770609882478         6.854991213988
  62         8.706883563297        12.401946628741
  63        10.448467243036         7.471670563064
  64        10.340255746548         8.381656438598
  65         5.399943510818         7.967246825436
  66         7.436275790068         5.510153448767
  67         9.474174660160         8.739773391745
  68        15.522276839852        11.475801368535
  69        16.532641217921         9.544029106286
  70        12.460900792809        11.128260656723
  71         4.687575750218         6.015412814430
  72        14.605907649003        11.482979592530
  73        15.263754478245         7.204258475764
  74        16.748383042722         8.382902279384
  75         6.095746753590         8.563603990352
  76         5.231384677594         8.868008692160
  77        13.803376826124         6.138651198552
  78         8.013888990343         7.158022338045
  79        14.044702290820        12.293092530621
  80        16.904301421368        10.381676236190
  81         8.774329462046        10.592957939953
  82        16.788614048967        12.412409494291
  83        11.059530215767         8.949484105000
  84         9.965741184205         5.959609845014
  85         6.445383363327        11.215418422768
  86        11.569247299061        11.339774410164
  87        15.876802888856        12.320842965966
  88        15.064497222262        10.681936239858
  89        16.434087999978        11.567367896834
  90         4.636259809453         4.234720139180
  91         9.255886332786         5.380049571433
  92        16.136153027019         6.923714730674
  93         8.817819335901         4.575138814245
  94        11.646481215182        10.426637540349
  95        14.960433697725        12.328021190079
  96        15.400074695161         5.320518402534
  97        17.698835466682        10.838293879071
  98        16.015921032653         7.832190535713
  99         7.845512373106         8.058818283855
 100        11.490247673617         6.926958944057
 101         6.876609273757        12.469864801347
 102        12.006884909568         6.170077191584
 103        13.138420804291         5.088217664518
 104        17.343178515120        11.682860130843
 105         5.538299385210         4.073138504805
 106        13.604728826727         7.911436770998
 107         7.226275492148         6.402164600981
 108         8.633109372183         9.103632158533
 109         8.754900190800         8.171945724798
 110        15.777513053346         4.403259679259
 111        10.173190385006         5.067001952439
 112         8.339779670838         5.356971340704
 113        14.041063069701         5.246397819712
 114        11.424480772161         3.762545962529
 115        12.877417487741        11.944531361608
 116        13.470001117743         8.817876214779
 117        12.747876065014         8.236378867352
 118        12.901968491597         5.973584438586
 119         9.698009264423        11.030972715710
 120         7.793006578883        12.469864801347
 121        14.508938332598        13.148323804440
 122        10.795090796364        10.765633669505
 123         6.245140300892         7.613090917895
 124         4.606628401881         6.928406033526
 125         3.970210597285         4.864134523959
 126        12.574895926256         6.917499207391
 127         9.231373258788         9.798258311595
 128        14.687144888007         5.896291891741
 129        17.329501036402         9.091482478256
 130         7.726879151695         8.967504247005
 131        10.925615186460         9.858579423918
 132         8.916717968375        11.509896437745
 133         7.259014451581        11.637068126992
 134        12.619182238374         9.158304261981
 135         8.928433249475         7.216270246900
 136        16.301423236444         5.155125452461
 137         5.461522218610        11.356814532527
 138         3.652028446390         6.643472973507
 139         6.942008492317         8.212000391978
 140        12.997421715018         4.182732558273
 141        15.102146607385         9.187810084691
 142        14.364311056258         8.617891828677
 143         5.875896579896        10.497456846954
 144         6.620210134735         4.580175833180
 145        17.716680363121         9.922070336208
 146        14.223563160163         3.478108500331
 147        11.182432379569         8.020377405725
 148         4.963912947654        10.587289331974
 149         7.110385109573         7.311204446107
 150        11.901706848809         8.588205072161
