 150         0.554819451977
   1        20.758513408175         4.412796476760
   2        10.684998946594        12.555062161410
   3        12.672256896686         7.072902727844
   4        19.298917164613         9.774154007691
   5        15.029457928391        14.892690113861
   6        17.517990701885        13.694330781443
   7         5.671649448533         6.195698073472
   8        14.655268775944         6.194875866164
   9        13.458832561665         4.652960863061
  10        18.212584423133         7.849339152129
  11        19.256163065113         6.011771382267
  12        15.664949027793         5.668769172747
  13        19.273486524860        10.883501464803
  14         7.827317009568         2.811811201203
  15        11.112918295056         1.696019819452
  16         8.957091004229        11.153598622582
  17         3.239478363660         9.008106466227
  18        14.928270056397        10.295224942226
  19         3.820496469732         8.035814397096
  20         7.724100901585         9.309077034554
  21        15.185038216771        11.906357660516
  22         5.493149181852         7.290885798007
  23         7.845843037903        11.199226163865
  24        17.664008491692         9.332508677858
  25         4.535587161285         6.369148302248
  26         7.472894369886         3.863325865783
  27        18.593363216713        13.967959090815
  28         8.362073037227        10.216981242788
  29        10.600401840325         6.028113307448
  30        18.222873269542         6.416259572756
  31        11.979693834629         3.169489821218
  32         7.625514486251         6.697086228638
  33        16.849799746248        14.745098456205
  34         1.879013748973         9.935645200613
  35        13.919748852264         3.643577551165
  36        14.313779965733        11.219184046143
  37         5.964830038746         8.295283959308
  38         8.099205571131         5.693634558938
  39        10.811016627870         2.763799703402
  40         2.978435847976        10.091085065974
  41        14.474404571243         5.100076050318
  42        13.759126463370         6.849266768419
  43        18.442896543465        12.868569133756
  44        20.098252828359         6.734393917564
  45        10.318417458012        10.731464455840
  46        16.918767159204        10.154648480037
  47        21.319739954505        14.155291695456
  48        22.394485916827        14.431370694683
  49        20.197994159055         3.050191074488
  50         7.068087029889         8.414122120983
  51         8.992630785828         8.957200737532
  52         9.820584556393         6.817533031591
  53         7.207870902254        10.291321955629
  54        20.309917333470         9.316795115207
  55        16.096647584134         1.702380257207
  56         6.046622179919         5.151335134698
  57         9.456324297805        10.032827296571
  58        17.086111644488         3.818990130631
  59        11.798381002011         9.081611899097
  60        13.796602669847        10.237437570208
  61        11.093241445329         3.836948178511
  62        12.459882730092         4.169848317906
  63         9.637331394498         5.476938368266
  64        18.865700097002         3.328122815048
  65        12.753905876376        14.186198092748
  66        20.342788950618        13.075802965055
  67        15.999814043039         3.592592210072
  68        13.451155776545        11.917165425159
  69        18.130652690941         4.201897621901
  70        11.455681440522         5.321151283938
  71        11.640288712302         6.415326156799
  72        18.607744289640        11.771243417059
  73         8.300566124369         4.602418528564
  74         2.137038939277         8.855781533308
  75        20.284486693709        10.426142572289
  76        10.492610994689         4.769976344740
  77         2.348615885186        11.139858137715
  78        13.556416845349         5.758300541583
  79         5.636984971145         4.120075781114
  80        19.135017612961        14.936905541808
  81         6.630620938573         7.191305116231
  82        13.148102898522         8.286542238114
  83        13.750586698572        14.673974512720
  84         9.399129921015         4.393167841239
  85        11.753009315631        12.856147446415
  86        17.575008475073        12.177143940332
  87        10.386780343467         8.208197550578
  88        10.860471428378         7.204745880957
  89         2.644165386265         7.652877967515
  90        13.766089362168        13.564443907177
  91         4.884699780671        10.799468210003
  92         8.798036471097         3.349400472250
  93        17.951988937220        14.873463111208
  94        14.322414022043        12.604339032680
  95         2.842601728147         4.736686822441
  96        17.812138073303         2.979833338367
  97        19.352854555200         2.331137844648
  98        19.064963031966         7.138882109041
  99         7.248921313005         4.960089189014
 100        14.411092761057         9.313478466595
 101         4.687109139716         8.796102819453
 102         9.346893471511         7.820984701224
 103         6.110194066241        10.453815219693
 104         4.541862118312         4.302732025963
 105         4.953338528091         5.341149132642
 106         6.763580649975         5.998252515191
 107         8.731374666054         6.605588906851
 108        14.850978205207        13.797499041165
 109         9.750477239472         2.307519719596
 110        19.710839700745         4.047176045018
 111         8.257683581198         7.609040576487
 112        12.156203929442         2.073979582266
 113        16.725840471854         2.753435417815
 114        12.933978480831        10.935418949524
 115        18.299292531501         1.982848367968
 116        16.507056682185        11.875850951009
 117        16.675051525009        12.972699267837
 118        15.565672820662        12.948670375368
 119        12.072169239903         8.006280090710
 120         3.776863046791        10.862684254538
 121        20.128969097332         5.326564750619
 122         3.526027657154         6.930052315029
 123        15.667722364722         9.142443117062
 124         9.908329930537        11.762544819826
 125        14.950323364205         3.232220440390
 126        10.302171055092         9.314606049063
 127        12.175976160082        10.125029549867
 128        19.032068622024         4.924996254431
 129         3.853448106962         5.194385517676
 130         6.321693165286         9.345972879065
 131        12.341518234985        11.915426579718
 132        19.702908626179        13.982363314803
 133        13.064590118812         2.936469329021
 134        20.431012706181        14.819718046099
 135        15.888681357996        14.190526602437
 136        18.668486195081         8.860997234342
 137         5.250735510420         9.751939526976
 138        18.294439460822        10.245665450344
 139         8.704975694827         1.907223334605
 140        17.549198128333        11.067805252513
 141        11.151956870797        11.463933256914
 142        13.006815416138         9.387786759872
 143        16.524018838447         4.775729475873
 144         4.095901648663         9.777019568110
 145        17.212994930049         1.756450447422
 146        15.437721237011         4.549331555318
 147        17.998778826445         5.329484444894
 148         3.018064509167         5.924750318116
 149        12.894831108738        12.877270309716
 150         9.906222024560         3.406174378371
